2,24
4,24
6,24
8,24
14,24
21,24
28,24
35,24
43,24
50,24
57,24
64,24
72,24
79,24
87,24
94,24
101,24
109,24
117,24
125,24
134,24
143,24
151,23
159,23
167,23
176,23
184,23
192,23
200,23
209,22
218,22
226,21
234,22
242,21
250,22
259,21
267,20
275,20
283,16
292,19
301,20
309,20
317,20
325,19
333,19
342,19
350,18
359,18
367,18
375,17
384,18
392,17
400,17
408,17
416,16
424,17
434,17
442,16
450,16
458,16
466,17
475,15
483,17
491,15
500,16
508,15
517,14
525,14
533,14
541,14
549,14
558,13
566,14
575,14
583,13
591,13
600,13
608,13
616,13
624,13
632,13
641,13
650,13
658,13
666,13
674,13
683,13
691,13
699,14
707,14
716,14
724,14
733,14
741,14
749,14
757,15
765,14
775,16
783,15
791,16
799,15
807,16
816,16
824,16
833,17
841,16
849,17
858,17
866,17
874,17
882,17
890,18
900,18
908,18
916,18
924,19
932,19
941,19
949,20
958,20
966,20
974,18
983,19
991,20
999,21
1007,21
1017,21
1027,22
1036,22
1045,22
1054,23
1063,23
1074,23
1083,23
1092,23
1101,24
1111,24
1120,24
1129,25
1139,24
1148,25
1158,25
1167,25
1176,25
1185,26
1196,26
1205,26
1214,26
1223,26
1232,26
1242,26
1251,26
1261,26
1270,26
1280,26
1289,26
1298,25
1307,25
1316,25
1326,25
1336,25
1345,25
1354,24
1363,24
1373,24
1382,24
1391,24
1400,24
1411,23
1420,22
1429,23
1438,23
1447,22
1457,22
1466,21
1475,21
1485,20
1495,17
1504,20
1513,20
1522,20
1531,19
1541,19
1550,18
1560,18
1569,18
1579,17
1588,17
1597,17
1606,16
1615,16
1625,16
1635,16
1644,15
1653,15
1662,14
1672,14
1681,13
1690,13
1699,13
1709,12
1719,11
1728,11
1737,11
1746,10
1756,10
1765,10
1774,9
1782,9
1792,9
1800,9
1808,9
1816,8
1824,8
1832,9
1841,8
1849,7
1857,8
1866,8
1874,8
1883,8
1891,8
1899,8
1907,8
1915,9
1924,8
1933,8
1941,7
1949,8
1957,9
1966,9
1974,8
1982,9
1991,9
1999,9
2008,10
2017,9
2025,10
2034,10
2043,10
2054,11
2063,11
2072,11
2081,11
2091,12
2100,13
2110,14
2119,14
2128,15
2138,15
2147,16
2156,17
2166,17
2176,16
2185,17
2194,17
2203,17
2212,18
2223,18
2232,19
2241,19
2250,20
2259,21
2269,20
2278,20
2288,21
2297,21
2307,22
2316,22
2325,23
2334,23
2344,23
2354,24
2363,24
2372,24
2381,25
2391,26
2401,26
2410,26
2419,26
2428,27
2438,27
2447,27
2457,27
2466,27
2476,28
2485,28
2494,28
2503,28
2512,28
2523,29
2532,29
2541,29
2550,28
2560,28
2569,28
2578,28
2588,28
2597,28
2607,29
2616,29
2625,28
2634,28
2643,28
2654,28
2663,28
2672,28
2681,27
2691,27
2700,27
2709,26
2718,26
2728,26
2738,25
2747,26
2756,25
2765,25
2775,25
2784,24
2793,24
2803,23
2812,23
2822,22
2831,22
2840,22
2849,21
2859,20
2868,19
2877,20
2887,20
2896,19
2906,19
2915,18
2924,18
2933,18
2942,17
2952,17
2962,17
2971,17
2980,16
2990,16
2999,16
3008,15
3017,15
3026,14
3037,14
3046,13
3055,12
3064,11
3074,11
3083,12
3092,11
3101,10
3110,10
3121,10
3130,9
3138,9
3146,9
3154,8
3163,9
3171,8
3179,8
3187,9
3196,9
3205,8
3213,7
3221,7
3229,8
3237,8
3246,8
3254,8
3263,8
3271,7
3279,7
3288,8
3296,8
3304,9
3312,8
3320,8
3330,9
3338,9
3346,9
3354,10
3363,9
3372,10
3381,9
3390,10
3399,10
3408,11
3418,11
3427,12
3436,12
3446,13
3456,13
3465,14
3474,14
3483,14
3492,15
3503,15
3512,16
3521,16
3530,17
3539,16
3549,17
3559,17
3568,17
3577,18
3587,18
3596,18
3605,18
3614,19
3624,19
3634,20
3643,21
3652,19
3661,20
3671,20
3681,21
3690,21
3699,22
3708,22
3718,22
3727,23
3737,23
3746,23
3756,23
3765,24
3774,24
3783,24
3792,24
3803,24
3812,24
3821,25
3830,25
3840,25
3849,25
3859,25
3868,25
3877,25
3887,25
3896,26
3905,25
3914,26
3924,26
3934,25
3943,25
3952,25
3961,25
3971,25
3980,25
3989,25
3999,25
4008,24
4018,24
4027,24
4036,24
4045,24
4055,24
4064,24
4074,23
4083,23
4092,23
4102,22
4111,22
4120,22
4129,22
4140,21
4149,21
4158,20
4167,20
4176,18
4186,19
4195,20
4204,20
4214,20
4224,19
4233,19
4242,18
4251,18
4260,18
4270,18
4279,18
4289,17
4298,17
4307,17
4317,16
4326,17
4335,17
4344,16
4354,17
4364,16
4373,16
4382,16
4391,16
4401,15
4410,15
4419,15
4428,15
4439,15
4448,15
4457,14
4466,14
4475,13
4485,14
4494,14
4504,15
4513,14
4523,15
4532,14
4541,15
4550,14
4559,15
4570,14
4579,14
4588,14
4597,14
4606,15
4616,15
4625,15
4635,15
4644,15
4654,15
4663,16
4672,16
4681,16
4690,16
4701,17
4710,16
4719,17
4728,16
4738,17
4747,16
4757,17
4766,17
4775,18
4785,17
4794,18
4803,18
4812,18
4823,18
4832,18
4841,18
4850,19
4859,19
4869,20
4879,20
4888,20
4897,20
4907,20
4916,18
4925,20
4934,20
4944,20
4954,20
4963,21
4972,21
4981,22
4990,22
5000,22
5010,22
5019,22
5028,22
5038,22
5047,22
5056,22
5065,22
5075,23
5085,22
5094,22
5103,22
5112,22
5122,23
5131,22
5141,23
5150,22
5159,22
5169,22
5178,22
5187,22
5196,22
5207,22
5216,22
5225,22
5234,21
5243,21
5253,22
5262,21
5271,20
5281,20
5291,19
5300,17
5309,20
5318,20
5327,20
5337,20
5347,19
5356,19
5365,19
5374,19
5384,18
5393,18
5402,18
5411,18
5422,17
5431,17
5440,17
5449,17
5458,17
5468,17
5477,17
5486,16
5496,17
5506,16
5515,16
5524,16
5533,15
5542,15
5552,15
5561,15
5571,14
5580,14
5590,14
5599,14
5608,13
5617,14
5626,13
5637,13
5646,13
5655,13
5664,13
5673,12
5683,12
5692,12
5701,13
5711,12
5721,12
5730,12
5739,12
5748,13
5757,13
5767,13
5777,13
5786,13
5795,13
5805,14
5814,13
5823,14
5833,14
5842,14
5852,15
5861,14
5870,16
5879,15
5889,15
5899,16
5908,16
5917,17
5926,16
5936,16
5945,17
5955,17
5964,17
5974,18
5983,17
5992,17
6001,18
6010,18
6021,19
6030,19
6039,19
6048,20
6057,20
6067,20
6076,18
6086,20
6095,20
6105,22
6114,21
6123,22
6132,22
6142,23
6152,23
6161,23
6170,23
6179,23
6189,24
6199,24
6208,24
6217,24
6226,25
6236,24
6245,25
6255,25
6264,25
6274,25
6283,25
6292,25
6301,26
6310,26
6321,26
6330,26
6339,26
6348,26
6358,26
6367,26
6376,26
6386,26
6395,26
6405,26
6414,26
6423,26
6432,26
6441,25
6451,25
6461,25
6470,25
6479,25
6489,25
6498,24
6507,24
6516,24
6526,24
6536,23
6545,23
6554,23
6563,23
6573,22
6582,22
6591,21
6600,21
6610,21
6620,20
6629,17
6638,20
6647,20
6657,20
6666,19
6675,19
6685,18
6694,18
6704,18
6713,17
6722,17
6731,17
6740,17
6750,16
6760,16
6769,16
6778,16
6788,16
6797,15
6806,15
6815,14
6824,14
6835,14
6844,13
6853,12
6862,12
6872,11
6881,12
6890,11
6899,11
6909,11
6919,10
6928,10
6937,11
6946,9
6955,10
6964,10
6973,9
6982,9
6990,9
6999,9
7007,10
7016,10
7025,10
7034,10
7044,10
7054,10
7063,9
7071,9
7079,9
7088,9
7096,10
7105,10
7115,9
7123,10
7133,10
7142,10
7151,11
7160,11
7170,11
7180,11
7189,12
7198,12
7207,12
7217,13
7226,13
7236,13
7245,14
7255,14
7264,15
7273,15
7282,16
7292,17
7302,17
7311,17
7320,17
7329,17
7339,17
7349,18
7358,18
7367,18
7376,18
7386,18
7395,19
7404,19
7414,20
7424,21
7433,20
7442,19
7451,20
7460,21
7471,21
7480,22
7489,22
7498,22
7507,23
7517,23
7526,23
7536,23
7545,24
7555,24
7564,24
7573,24
7582,25
7592,25
7602,25
7611,25
7620,25
7629,25
7639,25
7648,26
7658,26
7667,26
7676,26
7686,26
7695,26
7704,26
7713,26
7724,26
7733,26
7742,25
7751,26
7760,26
7770,26
7779,26
7789,25
7798,25
7808,25
7817,25
7826,25
7835,25
7844,25
7854,24
7864,24
7873,24
7882,24
7891,23
7901,23
7910,23
7919,23
7928,22
7939,22
7948,22
7957,22
7966,21
7975,21
7985,20
7994,19
8003,18
8013,20
8023,20
8032,20
8041,19
8050,19
8059,18
8069,18
8078,18
8088,18
8097,17
8107,18
8116,17
8125,17
8134,17
8143,16
8154,16
8163,17
8172,16
8181,16
8190,16
8200,16
8209,15
8218,15
8228,15
8238,14
8247,14
8256,14
8265,14
8274,13
8284,14
8293,13
8303,13
8312,13
8322,13
8331,13
8340,13
8349,12
8358,12
8369,12
8378,12
8387,12
8396,13
8406,13
8415,13
8424,13
8434,13
8443,13
8453,13
8462,14
8471,13
8480,14
8489,14
8500,14
8509,14
8518,15
8527,15
8537,16
8546,15
8556,16
8565,16
8574,16
8584,16
8593,17
8602,16
8611,17
8622,16
8631,17
8640,16
8649,17
8658,17
8668,17
8677,17
8687,18
8696,18
8706,18
8715,18
8724,18
8733,19
8743,19
8753,19
8762,19
8771,20
8780,20
8790,21
8799,20
8809,19
8818,17
8827,20
8837,20
8846,20
8855,20
8864,21
8875,21
8884,21
8893,21
8902,21
8911,21
8921,22
8931,22
8940,22
8949,22
8958,22
8968,22
8977,22
8986,22
8996,22
9006,22
9015,21
9024,22
9033,22
9042,22
9052,22
9061,22
9071,21
9080,21
9090,21
9099,21
9108,21
9117,22
9126,21
9137,20
9146,20
9155,20
9164,20
9174,17
9183,17
9192,20
9201,20
9211,20
9221,20
9230,20
9239,20
9248,19
9257,19
9267,19
9277,19
9286,18
9295,18
9305,18
9314,18
9323,18
9332,18
9341,17
9352,17
9361,18
9370,17
9379,17
9389,17
9398,17
9407,17
9417,17
9426,16
9436,16
9445,17
9454,16
9463,16
9473,17
9483,17
9492,16
9501,16
9510,16
9520,16
9529,16
9538,16
9547,16
9558,17
9567,17
9576,17
9585,16
9594,16
9604,16
9613,16
9623,16
9632,16
9641,16
9651,16
9660,17
9669,16
9678,16
9689,17
9698,17
9707,16
9716,17
9725,17
9735,17
9744,17
9754,17
9763,17
9773,17
9782,17
9791,17
9800,18
9809,17
9820,18
9829,18
9838,18
9847,18
9857,19
9866,18
9876,19
9885,19
9894,20
9904,20
9913,20
9922,21
9931,20
9942,18
9951,17
9960,20
9969,20
9978,20
9988,21
9997,21
10007,21
10017,21
10028,21
10038,22
10048,22
10058,22
10070,22
10080,22
10090,22
10100,22
10110,23
10121,23
10132,23
10142,23
10152,23
10163,23
10173,23
10183,23
10194,23
10205,23
10215,22
10225,23
10235,22
10246,22
10256,22
10267,22
10277,21
10288,22
10298,22
10308,21
10318,21
10329,21
10340,21
10350,20
10360,20
10371,19
10381,16
10391,20
10402,20
10413,20
10423,20
10433,19
10443,19
10454,19
10464,18
10475,18
10485,18
10496,17
10506,17
10516,18
10526,16
10536,17
10548,17
10558,16
10568,17
10578,16
10589,16
10599,16
10609,15
10620,16
10631,15
10641,15
10651,15
10661,14
10672,14
10682,15
10692,13
10703,14
10714,13
10724,13
10734,13
10744,13
10755,13
10766,12
10776,12
10786,13
10797,13
10807,13
10817,13
10827,13
10839,13
10849,13
10859,12
10869,12
10880,12
10890,13
10901,13
10911,13
10921,14
10932,13
10942,14
10952,15
10963,14
10974,15
10984,14
10994,16
11004,16
11015,16
11026,17
11036,16
11046,16
11057,17
11067,16
11077,16
11088,17
11099,17
11109,17
11119,18
11129,18
11141,18
11151,18
11161,19
11171,19
11182,20
11192,20
11203,20
11213,19
11224,20
11234,20
11244,21
11254,22
11266,21
11276,22
11286,22
11296,22
11307,23
11317,23
11328,23
11338,23
11348,23
11359,24
11369,24
11379,24
11390,24
11401,24
11411,24
11421,25
11431,25
11442,25
11453,25
11463,25
11473,25
11484,25
11494,25
11504,25
11515,25
11526,25
11536,25
11546,25
11556,25
11567,25
11577,24
11588,24
11598,24
11609,24
11619,24
11629,24
11639,23
11650,23
11661,23
11671,23
11681,23
11692,22
11702,22
11712,22
11722,21
11734,21
11744,20
11754,20
11764,16
11774,20
11785,20
11795,20
11806,19
11816,19
11827,19
11837,18
11847,18
11857,18
11868,18
11879,17
11889,17
11899,17
11910,17
11920,16
11930,16
11940,17
11952,16
11962,16
11972,17
11982,15
11993,16
12003,15
12013,15
12024,14
12035,14
12045,14
12055,14
12065,13
12076,13
12086,13
12097,13
12107,12
12118,12
12128,12
12138,12
12148,13
12158,13
12170,12
12180,13
12190,12
12200,12
12211,13
12221,12
12232,12
12242,12
12253,13
12263,13
12273,13
12283,14
12295,13
12305,14
12315,14
12325,14
12336,15
12346,15
12357,16
12367,15
12378,17
12388,16
12398,16
12409,17
12420,16
12430,17
12440,17
12450,16
12461,17
12471,17
12482,17
12492,18
12503,18
12513,18
12523,19
12533,18
12545,19
12555,19
12565,19
12575,20
12585,20
12596,20
12607,20
12617,17
12627,19
12638,20
12648,20
12658,21
12669,21
12680,21
12690,21
12700,22
12710,22
12721,22
12732,22
12742,22
12752,22
12763,22
12773,22
12783,23
12794,23
12805,23
12815,23
12825,23
12835,23
12846,23
12857,23
12867,23
12877,23
12888,23
12898,22
12908,22
12918,22
12930,22
12940,22
12950,22
12960,22
12971,22
12981,22
12991,21
13002,21
13012,22
13023,21
13033,20
13043,20
13053,20
13064,17
13075,18
13085,20
13095,20
13106,20
13116,20
13126,20
13137,19
13148,19
13158,19
13168,19
13178,18
13189,18
13199,18
13210,18
13220,18
13231,18
13241,18
13251,17
13261,18
13272,17
13283,17
13293,17
13303,16
13314,17
13324,17
13334,16
13345,16
13356,17
13366,17
13376,16
13386,16
13396,16
13407,16
13418,16
13428,16
13438,16
13449,17
13459,17
13469,16
13480,17
13491,16
13501,16
13511,16
13521,16
13532,16
13543,17
13553,17
13563,16
13574,16
13584,17
13594,17
13604,16
13616,16
13626,17
13636,17
13646,16
13657,17
13667,18
13678,17
13688,17
13699,18
13709,18
13719,18
13729,18
13741,18
13751,18
13761,18
13771,18
13782,19
13792,19
13803,19
13813,19
13824,19
13834,20
13844,20
13854,19
13865,19
13876,20
13886,20
13896,20
13906,20
13917,20
13927,19
13938,18
13948,17
13959,16
13969,18
13979,19
13989,19
14001,19
14011,20
14021,20
14031,20
14042,20
14052,20
14062,19
14073,19
14084,19
14094,17
14104,17
14114,17
14125,19
14136,20
14146,20
14156,20
14167,20
14177,20
14187,20
14198,19
14209,20
14219,20
14229,19
14239,19
14249,19
14260,19
14271,19
14281,18
14291,18
14302,19
14312,18
14322,18
14332,18
14344,18
14354,18
14364,18
14374,17
14385,18
14395,17
14405,17
14416,17
14427,17
14437,17
14447,17
14457,17
14468,16
14479,17
14489,16
14499,16
14510,16
14520,16
14530,17
14540,16
14552,16
14562,16
14572,16
14582,16
14593,16
14603,16
14614,16
14624,16
14635,16
14645,16
14655,16
14665,16
14675,16
14687,16
14697,16
14707,17
14717,16
14728,16
14738,16
14749,17
14759,17
14770,16
14780,17
14790,17
14800,16
14812,17
14822,17
14832,17
14842,18
14853,17
14863,17
14874,18
14884,18
14895,18
14905,18
14915,18
14925,18
14937,19
14947,19
14957,19
14967,19
14978,20
14988,19
14999,20
15009,20
