1,13
3,13
4,13
7,13
13,13
20,13
27,13
34,13
41,13
50,13
57,13
64,14
71,14
78,14
86,13
93,14
100,14
109,14
117,14
125,14
134,15
142,14
150,15
158,15
166,15
176,15
184,15
192,16
200,16
208,16
217,16
225,17
234,16
242,17
250,17
259,18
267,18
275,18
283,19
292,18
301,20
309,19
317,14
325,12
333,19
342,20
351,20
359,20
367,20
374,7
381,7
390,22
398,21
406,22
415,22
423,22
432,23
440,23
448,22
456,23
464,23
474,23
482,24
490,23
498,24
506,24
515,24
523,24
531,24
540,24
548,24
557,24
565,24
573,24
581,24
589,24
598,24
607,24
615,24
623,24
631,24
640,24
648,24
656,24
664,24
673,24
681,24
690,23
698,23
706,23
714,23
722,23
731,23
740,23
748,22
756,22
764,22
773,21
781,21
788,7
795,8
803,20
812,20
821,19
829,19
836,12
845,19
854,20
862,19
870,18
878,18
886,17
896,17
904,16
912,16
920,16
928,16
936,15
945,15
953,14
961,14
969,14
978,14
987,13
995,13
1003,12
1012,12
1021,12
1031,12
1040,11
1049,10
1059,10
1069,10
1078,10
1087,9
1095,9
1103,9
1112,9
1120,9
1128,8
1137,8
1145,8
1154,8
1162,8
1170,7
1178,8
1186,8
1195,7
1204,6
1212,7
1220,7
1228,7
1236,6
1245,6
1253,6
1261,6
1270,6
1278,6
1287,7
1295,7
1303,7
1311,7
1319,7
1328,7
1337,8
1345,7
1353,8
1361,8
1370,8
1378,8
1386,8
1395,8
1403,9
1412,9
1420,10
1429,10
1438,9
1446,10
1457,10
1466,11
1475,12
1484,12
1494,12
1503,13
1513,13
1522,14
1531,14
1541,14
1550,15
1559,15
1569,16
1579,16
1588,16
1597,17
1606,17
1615,18
1626,19
1635,16
1644,18
1653,20
1662,20
1672,7
1681,21
1690,22
1699,21
1709,22
1718,23
1727,24
1737,24
1746,24
1756,24
1765,25
1774,25
1783,25
1793,25
1803,26
1812,26
1821,26
1830,27
1840,26
1849,28
1859,27
1868,28
1878,27
1887,27
1896,28
1905,28
1914,28
1925,28
1934,28
1943,28
1952,29
1961,28
1971,28
1980,28
1990,28
1999,28
2009,28
2018,27
2027,27
2036,27
2045,27
2056,27
2065,26
2074,26
2083,27
2093,26
2102,26
2111,26
2120,25
2130,25
2140,24
2149,24
2158,24
2167,24
2177,23
2186,23
2195,23
2204,22
2214,22
2223,7
2231,7
2240,20
2249,20
2258,14
2268,17
2277,20
2287,19
2296,17
2306,17
2315,16
2324,16
2333,16
2342,15
2352,15
2361,15
2371,14
2380,14
2390,13
2399,13
2408,12
2417,12
2426,12
2436,11
2445,10
2455,10
2464,10
2473,10
2483,9
2491,9
2499,9
2507,8
2515,9
2524,8
2533,9
2541,7
2549,8
2557,7
2566,7
2574,8
2582,8
2590,7
2599,7
2608,7
2616,7
2624,7
2632,7
2640,7
2649,7
2657,7
2666,7
2674,7
2682,7
2691,6
2699,7
2707,8
2715,8
2723,7
2733,7
2741,8
2749,7
2757,8
2765,8
2774,9
2782,9
2791,9
2799,9
2807,9
2816,9
2824,10
2833,10
2842,10
2852,10
2862,11
2871,12
2880,11
2889,12
2898,12
2909,13
2918,13
2927,14
2936,14
2946,14
2955,14
2964,15
2974,15
2983,16
2993,16
3002,17
3011,17
3020,17
3031,18
3040,18
3049,19
3058,20
3067,15
3077,12
3087,19
3096,20
3105,20
3113,8
3122,7
3131,8
3139,21
3149,22
3159,22
3168,21
3177,23
3186,22
3195,23
3206,23
3215,23
3224,23
3233,23
3243,24
3252,24
3261,24
3271,23
3280,23
3290,24
3299,24
3308,25
3317,25
3326,25
3337,24
3346,24
3355,24
3364,24
3374,23
3383,23
3392,23
3402,24
3411,23
3421,23
3430,23
3439,23
3448,23
3458,23
3467,22
3477,23
3486,22
3495,22
3505,22
3514,22
3523,21
3532,7
3540,7
3550,21
3559,20
3568,20
3577,20
3587,19
3596,11
3605,13
3615,19
3624,20
3634,19
3643,19
3652,18
3661,18
3671,18
3680,17
3689,17
3699,16
3708,17
3718,16
3727,16
3736,16
3745,16
3755,15
3765,15
3774,15
3783,15
3792,15
3802,14
3811,15
3820,14
3829,14
3840,14
3849,14
3858,14
3867,14
3876,14
3886,13
3895,14
3905,13
3914,13
3923,13
3933,13
3942,14
3951,14
3960,14
3971,14
3980,13
3989,14
3998,14
4007,14
4017,14
4026,14
4036,14
4045,14
4055,15
4064,14
4073,14
4082,15
4091,15
4102,15
4111,15
4120,15
4129,16
4139,16
4148,16
4158,17
4167,16
4176,17
4186,17
4195,16
4204,17
4213,17
4224,17
4233,18
4242,17
4251,18
4260,18
4270,19
4279,19
4289,18
4298,19
4307,20
4317,19
4326,19
4335,16
4344,13
4354,12
4363,12
4373,18
4382,19
4391,19
4401,19
4410,19
4420,19
4429,20
4439,20
4448,20
4457,19
4466,20
4475,20
4486,19
4495,20
4504,20
4513,19
4523,19
4532,19
4541,19
4551,19
4559,13
4569,12
4579,12
4588,13
4597,17
4606,19
4617,19
4626,20
4635,19
4644,19
4654,19
4663,18
4672,18
4681,17
4691,17
4701,17
4710,17
4719,17
4728,17
4738,17
4747,16
4756,16
4766,16
4775,16
4785,15
4794,15
4803,15
4812,15
4822,14
4832,15
4841,13
4850,14
4859,14
4869,14
4878,14
4887,13
4896,14
4907,13
4916,13
4925,13
4934,12
4943,12
4953,12
4962,12
4971,11
4981,12
4990,12
5000,12
5009,12
5018,11
5027,11
5037,11
5047,11
5056,11
5065,11
5074,11
5084,11
5093,12
5102,12
5112,12
5122,12
5131,11
5140,12
5149,12
5158,12
5168,12
5178,13
5187,12
5196,13
5206,13
5215,13
5224,14
5234,14
5243,14
5253,14
5262,14
5271,15
5280,15
5289,15
5300,16
5309,16
5318,16
5327,17
5337,16
5346,17
5356,17
5365,17
5374,18
5384,19
5393,19
5402,19
5411,14
5421,13
5431,19
5440,20
5449,20
5458,9
5467,7
5475,8
5484,21
5493,22
5502,23
5512,22
5521,23
5530,23
5540,23
5550,23
5559,23
5568,24
5577,23
5586,24
5597,24
5606,23
5615,24
5624,25
5634,24
5643,24
5652,25
5662,25
5671,25
5681,24
5690,24
5699,24
5708,24
5718,24
5728,25
5737,24
5746,24
5755,24
5765,25
5774,25
5783,24
5793,24
5803,24
5812,24
5821,24
5830,24
5839,24
5849,24
5858,23
5868,24
5877,22
5886,23
5896,22
5905,22
5914,23
5923,22
5933,21
5942,6
5950,7
5959,21
5968,20
5978,19
5987,14
5996,13
6005,19
6016,18
6025,18
6034,18
6043,17
6052,17
6062,17
6071,16
6080,16
6089,15
6099,15
6109,15
6118,14
6127,14
6136,14
6146,13
6155,13
6164,12
6174,12
6183,12
6193,11
6202,11
6211,11
6220,10
6230,10
6239,10
6249,10
6258,10
6267,9
6276,9
6284,8
6292,9
6300,9
6308,9
6318,9
6326,8
6334,8
6342,8
6350,9
6359,8
6367,7
6375,8
6383,7
6392,7
6401,8
6409,8
6417,7
6425,7
6433,7
6441,7
6450,8
6459,9
6467,8
6475,8
6483,8
6492,9
6500,9
6508,8
6517,9
6525,9
6534,9
6542,9
6550,9
6558,10
6567,10
6577,10
6587,11
6596,11
6605,10
6615,12
6624,12
6633,12
6643,12
6652,13
6662,13
6671,13
6680,14
6689,14
6700,14
6709,15
6718,15
6727,16
6736,16
6746,16
6756,17
6765,17
6774,17
6784,18
6793,19
6802,20
6812,19
6820,12
6831,19
6840,20
6849,20
6858,9
6866,8
6876,22
6885,22
6894,22
6903,21
6913,23
6922,23
6932,23
6941,23
6950,23
6960,24
6969,24
6978,25
6987,24
6998,24
7007,25
7016,24
7025,24
7034,25
7044,25
7053,25
7063,24
7072,25
7081,25
7091,25
7100,25
7109,25
7119,25
7129,25
7138,25
7147,24
7156,24
7165,25
7175,25
7184,24
7194,24
7203,25
7213,24
7222,24
7231,24
7240,23
7249,24
7259,23
7269,24
7278,22
7287,23
7297,22
7306,22
7315,22
7324,22
7334,22
7343,7
7351,8
7359,8
7368,21
7377,20
7387,19
7396,19
7405,12
7415,19
7425,20
7434,18
7443,18
7452,18
7461,18
7471,17
7480,17
7490,17
7499,16
7508,16
7518,16
7527,15
7536,15
7545,15
7555,14
7565,15
7574,14
7583,14
7592,13
7602,14
7611,13
7620,13
7629,12
7640,13
7649,12
7658,12
7667,12
7676,12
7686,12
7695,12
7705,12
7714,11
7724,11
7733,11
7742,11
7751,12
7760,12
7771,12
7780,12
7789,12
7798,12
7808,12
7817,11
7826,11
7835,11
7845,11
7855,12
7864,12
7873,12
7882,11
7891,12
7902,13
7911,12
7920,12
7929,13
7939,12
7948,13
7957,13
7967,13
7976,14
7986,13
7995,14
8004,14
8013,14
8023,14
8033,14
8042,15
8051,15
8060,16
8070,15
8079,16
8089,16
8098,16
8108,16
8117,17
8126,16
8135,17
8144,17
8155,17
8164,18
8173,17
8182,18
8192,18
8201,19
8211,19
8220,19
8229,19
8239,20
8248,19
8257,19
8266,16
8275,14
8285,12
8294,12
8304,12
8313,19
8323,19
8332,19
8342,19
8351,19
8360,19
8370,19
8379,19
8388,19
8397,19
8408,19
8417,19
8426,19
8435,19
8444,19
8454,19
8463,19
8472,19
8482,19
8491,12
8500,11
8510,12
8519,13
8528,14
8538,18
8548,19
8557,19
8566,19
8576,20
8585,19
8594,18
8603,19
8613,18
8623,18
8632,18
8641,18
8650,18
8659,18
8669,17
8678,17
8688,17
8697,17
8707,16
8716,16
8725,17
8734,16
8743,16
8754,16
8763,16
8772,16
8781,16
8791,15
8800,16
8809,16
8818,15
8828,15
8838,15
8847,15
8856,15
8865,15
8875,15
8884,15
8894,15
8903,15
8912,15
8922,15
8931,15
8940,15
8949,15
8960,15
8969,15
8978,15
8987,15
8996,15
9006,15
9015,15
9025,15
9034,15
9043,16
9053,16
9062,15
9071,16
9080,16
9091,16
9100,16
9109,16
9118,17
9127,17
9137,16
9146,17
9156,17
9165,17
9175,17
9184,18
9193,17
9202,18
9212,18
9222,19
9231,19
9240,18
9249,19
9259,19
9268,19
9278,18
9286,15
9295,12
9306,12
9315,19
9324,19
9333,19
9344,20
9353,20
9362,21
9371,21
9380,20
9390,20
9399,21
9408,8
9416,8
9424,8
9433,7
9441,7
9449,7
9458,7
9466,8
9475,8
9483,7
9491,8
9499,8
9507,8
9517,8
9525,8
9533,7
9541,7
9549,7
9558,7
9566,7
9574,7
9583,8
9591,21
9601,20
9611,20
9620,20
9629,21
9638,20
9648,20
9657,20
9666,19
9676,19
9684,12
9694,12
9704,16
9713,19
9722,20
9732,19
9742,19
9751,19
9760,18
9769,18
9779,18
9788,17
9797,17
9806,16
9817,17
9826,16
9835,16
9844,16
9853,16
9863,15
9872,15
9881,15
9891,15
9901,14
9910,14
9919,14
9928,14
9937,13
9947,14
9956,13
9966,13
9975,13
9985,13
9994,12
10003,12
10013,12
10023,12
10035,12
10045,11
10055,11
10065,12
10076,11
10086,11
10096,11
10107,11
10118,11
10128,11
10138,11
10148,11
10159,11
10169,11
10180,11
10190,11
10201,11
10211,11
10221,11
10231,11
10243,11
10253,11
10263,12
10273,11
10284,12
10294,12
10305,12
10315,12
10326,12
10336,13
10346,13
10356,13
10368,13
10378,13
10388,14
10398,14
10408,15
10419,15
10430,15
10440,15
10450,16
10461,16
10471,16
10482,17
10492,17
10503,17
10513,17
10523,18
10533,19
10545,19
10555,19
10565,15
10575,12
10586,19
10596,20
10607,20
10617,21
10627,7
10636,7
10646,21
10656,22
10668,22
10678,22
10688,23
10698,22
10708,23
10719,23
10730,23
10740,23
10750,24
10761,24
10771,23
10781,24
10792,24
10803,24
10813,24
10823,24
10833,24
10844,24
10855,24
10865,24
10875,24
10886,24
10896,24
10906,24
10916,24
10928,23
10938,24
10948,24
10958,24
10969,23
10979,23
10989,23
11000,23
11011,22
11021,23
11031,22
11041,22
11052,23
11062,21
11072,8
11081,7
11090,8
11101,20
11111,20
11121,20
11131,19
11142,13
11153,19
11163,20
11173,19
11184,18
11194,18
11204,17
11215,17
11226,17
11236,16
11246,16
11256,16
11267,15
11277,15
11288,15
11298,14
11309,14
11319,14
11329,13
11339,13
11350,13
11361,13
11371,13
11381,12
11392,12
11402,12
11412,12
11422,11
11433,12
11444,11
11454,11
11464,11
11474,11
11485,11
11495,10
11506,10
11516,11
11527,11
11537,11
11547,11
11557,11
11569,11
11579,11
11589,11
11599,11
11610,11
11620,11
11630,11
11641,11
11652,11
11662,11
11672,12
11682,11
11693,12
11704,12
11714,12
11724,13
11735,12
11745,13
11755,13
11766,13
11777,13
11787,14
11797,14
11807,14
11817,15
11829,14
11839,15
11849,15
11859,15
11870,16
11880,16
11891,16
11901,16
11912,17
11922,17
11932,17
11943,17
11954,18
11964,18
11974,19
11984,19
11995,20
12006,19
12016,16
12025,13
12037,19
12047,19
12057,20
12068,20
12079,21
12089,21
12099,20
12109,9
12119,7
12128,7
12137,7
12146,7
12155,7
12166,21
12176,21
12186,21
12197,21
12208,21
12218,22
12228,22
12238,22
12249,22
12260,22
12270,21
12280,21
12291,21
12301,21
12311,21
12321,22
12332,7
12341,6
12350,7
12359,7
12368,8
12379,21
12389,8
12399,20
12409,21
12420,20
12430,20
12440,19
12450,19
12461,19
12471,12
12481,14
12492,17
12503,19
12513,20
12523,19
12533,19
12545,19
12555,18
12565,18
12575,17
12585,18
12596,17
12606,17
12617,17
12627,17
12638,16
12648,17
12658,17
12668,16
12680,16
12690,16
12700,16
12710,16
12721,16
12731,16
12741,15
12752,15
12763,15
12773,16
12783,15
12793,15
12804,15
12814,15
12825,15
12835,15
12846,15
12856,15
12866,15
12876,15
12888,15
12898,15
12908,15
12918,15
12929,15
12939,15
12950,15
12960,15
12971,15
12981,15
12991,15
13001,15
13011,16
13023,16
13033,16
13043,16
13053,16
13064,17
13074,16
13085,16
13095,17
13106,17
13116,17
13126,16
13136,17
13148,17
13158,17
13168,17
13178,17
13189,17
13199,18
13210,17
13220,17
13231,17
13241,18
13251,18
13261,18
13273,18
13283,18
13293,18
13303,18
13314,19
13324,19
13335,19
13345,19
13356,19
13366,19
13376,19
13386,19
13396,19
13408,19
13418,19
13428,19
13438,19
13449,19
13459,19
13470,18
13480,18
13491,18
13501,18
13511,18
13521,18
13532,18
13543,17
13553,18
13563,18
13574,17
13584,17
13594,17
13604,17
13616,17
13626,17
13636,16
13646,17
13657,17
13667,16
13677,16
13688,16
13699,16
13709,16
13719,16
13729,16
13740,16
13751,15
13761,15
13771,15
13782,15
13792,15
13802,15
13812,15
13824,15
13834,15
13844,14
13854,14
13864,14
13875,15
13886,15
13896,15
13906,15
13917,15
13927,14
13937,14
13947,15
13959,14
13969,15
13979,15
13989,15
14000,15
14010,14
14021,14
14031,14
14042,14
14052,15
14062,15
14072,15
14084,15
14094,15
14104,15
14114,15
14125,15
14135,16
14146,16
14156,16
14167,16
14177,16
14187,16
14197,17
14208,16
14219,17
14229,17
14239,17
14249,18
14260,17
14271,18
14281,18
14291,18
14302,19
14312,19
14322,20
14333,19
14344,19
14354,14
14364,12
14374,14
14385,19
14395,19
14406,20
14416,20
14427,20
14437,21
14447,20
14457,9
14467,7
14476,7
14485,7
14494,7
14503,7
14514,21
14524,7
14534,21
14544,21
14555,21
14565,22
14575,22
14585,22
14597,22
14607,22
14617,22
14627,22
14638,22
14648,21
14659,21
14669,21
14680,21
14690,21
14699,8
14708,7
14718,7
14728,7
14737,7
14746,9
14756,20
14767,20
14777,20
14787,20
14798,19
14809,19
14819,19
14829,12
14839,15
14850,19
14860,20
14871,19
14881,19
14892,18
14902,18
14912,17
14922,18
14932,17
14944,17
14954,16
14964,17
14974,16
14985,16
14995,16
15005,15
