2,32
4,32
7,32
10,32
15,32
22,32
29,32
36,32
45,32
52,31
59,31
66,31
73,31
80,31
88,31
95,31
102,31
111,31
119,30
128,30
136,29
144,30
152,29
160,29
168,28
177,29
185,28
194,27
202,27
210,27
219,27
227,26
235,26
243,26
251,25
260,25
269,24
277,24
285,23
292,7
301,22
309,22
317,22
325,21
333,9
340,12
349,15
358,20
366,19
374,18
382,17
391,17
399,16
407,15
415,15
423,14
432,14
440,13
449,13
457,12
465,11
474,11
482,10
490,10
498,10
506,10
515,9
522,9
530,8
537,7
544,7
551,7
559,7
566,6
573,6
580,6
587,5
594,5
602,5
610,4
617,5
624,4
631,4
638,4
646,4
653,4
660,3
667,3
674,3
683,3
690,3
697,3
704,3
711,3
718,3
726,3
733,3
740,3
747,3
755,3
762,3
770,4
777,3
784,3
791,4
798,4
805,4
814,4
821,4
828,4
835,5
842,5
849,5
857,5
864,6
872,6
879,6
886,7
893,8
901,8
908,7
915,8
922,8
930,8
937,9
945,10
953,10
961,10
969,11
977,12
987,12
995,13
1003,13
1012,14
1021,15
1031,15
1041,16
1050,16
1059,17
1069,18
1078,19
1088,21
1096,14
1106,20
1116,21
1125,22
1134,23
1143,9
1153,23
1162,24
1171,24
1180,25
1189,25
1200,26
1209,26
1218,26
1227,27
1236,27
1246,28
1256,28
1265,29
1274,28
1284,29
1293,29
1302,30
1312,30
1321,30
1331,31
1340,31
1349,31
1358,31
1368,32
1378,32
1387,32
1396,32
1405,32
1415,32
1424,32
1433,33
1443,32
1453,32
1462,32
1471,32
1480,32
1489,32
1499,32
1509,31
1518,31
1527,31
1537,31
1546,30
1555,30
1564,30
1573,30
1584,29
1593,29
1602,29
1611,29
1620,27
1630,27
1639,27
1648,27
1658,26
1668,25
1677,26
1686,25
1695,25
1704,25
1714,24
1723,24
1732,23
1741,8
1751,23
1760,23
1769,22
1778,22
1787,22
1797,10
1806,14
1815,20
1825,19
1835,19
1844,18
1853,17
1862,17
1871,17
1881,17
1890,16
1900,15
1909,15
1918,14
1928,14
1937,14
1946,13
1955,13
1965,13
1974,13
1984,13
1993,12
2002,12
2012,12
2021,12
2030,12
2039,11
2050,11
2059,12
2068,11
2077,11
2086,11
2096,11
2105,11
2114,11
2124,11
2134,11
2143,11
2152,11
2161,11
2170,11
2181,12
2190,11
2199,11
2208,11
2217,12
2227,12
2236,12
2246,12
2255,12
2265,13
2274,13
2283,13
2292,13
2301,13
2312,13
2321,14
2330,14
2339,14
2349,14
2358,14
2368,15
2377,15
2386,15
2396,16
2405,16
2414,16
2423,16
2434,17
2443,16
2452,18
2461,17
2470,18
2480,18
2490,18
2499,18
2508,19
2518,20
2527,19
2536,20
2545,20
2555,20
2565,16
2574,14
2583,14
2592,14
2601,15
2611,15
2620,15
2629,14
2639,14
2649,19
2658,20
2667,20
2676,20
2686,20
2696,20
2705,20
2714,20
2723,20
2733,20
2742,20
2752,19
2760,15
2770,14
2780,15
2789,15
2798,15
2807,15
2817,14
2826,14
2836,14
2845,14
2854,20
2864,20
2873,20
2883,20
2892,19
2902,19
2911,19
2920,19
2929,19
2938,18
2948,19
2958,18
2967,18
2976,18
2985,18
2995,18
3004,18
3013,18
3023,18
3033,17
3042,17
3051,17
3060,17
3069,17
3079,17
3088,17
3098,17
3107,17
3117,17
3126,17
3135,17
3144,18
3154,18
3164,18
3173,18
3182,18
3191,17
3201,18
3210,18
3220,19
3229,18
3238,20
3248,19
3257,19
3266,21
3275,20
3284,15
3294,14
3304,14
3313,15
3322,13
3332,20
3341,21
3351,21
3360,21
3369,22
3379,22
3388,22
3397,23
3407,22
3417,22
3426,23
3434,9
3442,8
3451,23
3461,23
3471,24
3480,23
3489,24
3499,24
3508,25
3517,25
3527,25
3536,25
3546,25
3555,25
3564,26
3573,25
3582,26
3593,26
3602,26
3611,25
3620,26
3630,27
3639,26
3648,27
3658,27
3667,26
3677,26
3686,27
3695,26
3704,27
3714,27
3724,26
3733,26
3742,26
3751,26
3761,26
3770,26
3779,26
3789,26
3799,25
3808,25
3817,26
3826,25
3835,25
3845,25
3854,24
3864,24
3873,24
3883,24
3892,24
3901,23
3909,8
3917,8
3927,22
3937,23
3946,22
3955,21
3964,22
3974,22
3983,11
3992,14
4001,14
4012,20
4021,19
4030,19
4039,18
4048,18
4058,17
4067,17
4076,16
4085,15
4094,15
4105,15
4114,14
4123,14
4132,13
4142,13
4151,12
4160,12
4169,11
4178,11
4189,11
4198,10
4207,10
4216,10
4226,9
4234,9
4242,9
4250,8
4259,9
4268,8
4276,8
4284,7
4292,8
4300,7
4308,7
4317,7
4325,7
4334,6
4342,7
4350,7
4359,6
4367,6
4375,6
4383,6
4391,6
4401,6
4409,6
4417,6
4425,7
4433,7
4442,7
4450,7
4458,7
4467,8
4475,7
4484,7
4492,8
4500,8
4508,8
4516,9
4526,8
4534,9
4542,9
4550,9
4558,10
4568,10
4577,11
4587,11
4596,11
4605,11
4615,12
4624,12
4633,13
4643,14
4653,14
4662,14
4671,15
4680,15
4689,16
4700,17
4709,18
4718,18
4727,18
4737,20
4746,14
4755,15
4765,20
4774,21
4784,22
4793,23
4803,23
4811,9
4820,23
4830,24
4839,24
4848,25
4858,25
4868,26
4877,26
4886,26
4895,27
4904,28
4915,28
4924,28
4933,28
4942,28
4952,29
4961,29
4970,29
4980,29
4989,30
4999,30
5008,31
5017,30
5026,31
5037,31
5046,30
5055,31
5064,31
5073,31
5083,31
5092,31
5102,31
5111,31
5121,31
5130,31
5139,32
5148,31
5157,30
5168,31
5177,30
5186,31
5195,30
5204,30
5214,30
5223,30
5232,29
5242,29
5252,29
5261,28
5270,27
5279,27
5288,27
5298,27
5307,27
5316,26
5326,26
5336,26
5345,25
5354,25
5363,24
5372,24
5382,24
5391,23
5400,8
5409,22
5419,22
5428,21
5437,21
5446,20
5455,13
5465,13
5474,20
5484,20
5493,18
5502,17
5512,17
5521,17
5530,16
5539,16
5549,15
5558,15
5568,15
5577,14
5586,13
5596,13
5605,13
5614,12
5623,12
5633,12
5643,11
5652,12
5661,11
5670,11
5680,10
5689,10
5698,10
5707,10
5718,10
5727,10
5736,9
5744,9
5752,9
5761,10
5770,10
5779,9
5788,9
5796,9
5805,9
5813,9
5821,9
5829,9
5837,10
5847,9
5856,9
5864,9
5872,9
5880,10
5890,10
5899,10
5908,10
5918,10
5927,11
5937,10
5946,11
5955,11
5964,12
5975,11
5984,12
5993,12
6002,12
6011,13
6021,13
6030,13
6040,14
6049,14
6059,14
6068,15
6077,15
6086,15
6096,15
6106,16
6115,16
6124,16
6133,17
6142,17
6152,17
6162,18
6171,18
6180,18
6190,19
6199,20
6209,20
6217,14
6226,14
6237,15
6246,20
6255,20
6264,21
6275,21
6284,22
6293,21
6302,21
6311,22
6321,22
6330,23
6340,23
6349,21
6359,22
6368,23
6377,23
6386,9
6394,8
6403,8
6411,8
6419,8
6427,8
6436,23
6445,9
6453,8
6463,23
6472,23
6481,23
6491,23
6500,23
6508,9
6516,8
6525,8
6534,8
6542,8
6550,9
6558,9
6566,9
6575,9
6584,10
6593,22
6603,22
6612,22
6622,22
6631,22
6640,23
6649,22
6659,22
6669,22
6678,22
6687,21
6696,22
6706,22
6715,22
6724,21
6733,21
6744,21
6753,21
6762,21
6771,20
6780,20
6790,20
6799,19
6808,14
6817,14
6827,14
6837,14
6846,14
6855,13
6864,13
6874,14
6883,13
6892,14
6902,14
6912,15
6921,15
6930,15
6939,15
6948,15
6958,15
6968,15
6977,14
6986,14
6995,14
7005,13
7014,13
7023,13
7033,14
7043,14
7052,15
7061,14
7070,14
7079,14
7089,15
7099,20
7108,20
7117,20
7127,21
7136,21
7146,21
7155,21
7164,21
7174,21
7183,22
7192,22
7202,22
7212,21
7221,22
7230,22
7239,22
7248,22
7258,22
7268,22
7277,23
7286,23
7296,23
7305,22
7314,22
7323,21
7333,22
7343,22
7352,22
7361,22
7370,22
7379,23
7389,23
7399,23
7408,22
7417,22
7427,22
7436,22
7445,22
7454,22
7463,22
7474,22
7483,23
7492,23
7501,22
7511,22
7520,22
7529,22
7539,21
7548,21
7558,22
7567,21
7576,21
7585,21
7595,20
7604,20
7613,15
7622,14
7632,14
7642,15
7651,20
7660,20
7669,19
7680,19
7689,18
7698,18
7707,18
7716,17
7726,17
7735,17
7744,16
7754,16
7763,16
7773,15
7782,15
7791,15
7800,15
7810,14
7819,14
7829,14
7838,13
7847,14
7857,13
7866,13
7875,13
7884,13
7894,12
7904,12
7913,12
7922,12
7931,11
7941,11
7950,12
7959,11
7968,11
7979,11
7988,11
7997,11
8006,11
8015,10
8025,11
8034,11
8044,11
8053,11
8062,11
8072,11
8081,10
8090,11
8099,11
8110,11
8119,11
8128,11
8137,11
8146,11
8156,12
8165,11
8175,12
8184,12
8194,12
8203,12
8212,13
8221,13
8231,13
8241,13
8250,13
8259,14
8268,14
8278,14
8287,15
8297,15
8306,16
8315,16
8325,16
8334,16
8343,18
8353,18
8363,19
8372,19
8381,20
8390,20
8399,14
8410,19
8419,21
8428,21
8437,22
8446,22
8456,23
8466,22
8474,9
8482,8
8492,23
8501,24
8510,24
8519,24
8529,25
8539,25
8548,25
8557,25
8566,26
8576,26
8586,26
8595,27
8604,27
8613,27
8623,28
8632,27
8642,28
8651,28
8660,28
8670,29
8679,28
8688,29
8697,29
8708,29
8717,29
8726,29
8735,29
8744,29
8754,29
8763,29
8773,29
8782,29
8792,29
8801,29
8810,28
8819,29
8828,29
8839,28
8848,28
8857,28
8866,27
8876,28
8885,27
8894,28
8903,27
8913,27
8923,27
8932,26
8941,26
8950,26
8960,26
8969,25
8978,25
8988,25
8997,24
9007,24
9016,24
9025,23
9033,9
9042,23
9052,22
9061,22
9071,21
9080,21
9090,20
9099,13
9108,13
9117,20
9126,19
9136,19
9146,18
9155,17
9164,17
9174,17
9183,16
9192,16
9201,15
9210,15
9220,15
9230,14
9239,13
9248,13
9257,13
9267,13
9276,12
9285,12
9294,12
9305,11
9314,11
9323,11
9332,10
9341,10
9351,10
9360,10
9369,9
9378,10
9388,9
9396,9
9404,10
9413,9
9421,9
9430,9
9438,9
9447,9
9455,8
9463,9
9472,9
9480,8
9488,9
9496,9
9504,9
9513,9
9522,9
9530,9
9538,9
9546,9
9554,10
9564,10
9573,10
9583,10
9592,10
9602,11
9611,10
9620,11
9629,11
9639,12
9649,11
9658,12
9667,12
9676,12
9686,13
9695,13
9705,13
9714,14
9723,14
9733,15
9742,15
9751,15
9761,15
9771,16
9780,17
9789,17
9798,16
9807,17
9818,18
9827,18
9836,19
9845,19
9854,20
9864,13
9873,14
9883,18
9892,20
9902,21
9911,21
9920,21
9930,22
9939,22
9949,23
9958,22
9967,23
9976,9
9985,8
9994,23
10003,23
10013,23
10023,24
10034,24
10044,24
10055,24
10065,24
10076,24
10086,25
10096,25
10106,24
10118,25
10128,25
10138,25
10148,25
10159,25
10169,25
10179,25
10190,25
10201,25
10211,25
10221,25
10231,25
10242,25
10253,25
10263,25
10273,24
10284,24
10294,24
10304,24
10314,24
10326,24
10336,24
10346,23
10356,23
10366,23
10376,9
10386,23
10396,10
10407,23
10418,22
10428,22
10438,23
10448,22
10459,22
10470,22
10480,21
10490,22
10501,21
10511,22
10521,20
10531,20
10542,14
10552,14
10563,14
10573,13
10584,14
10594,20
10605,21
10615,20
10626,20
10636,19
10646,19
10656,20
10667,19
10678,18
10688,19
10698,18
10708,18
10719,18
10729,18
10739,18
10750,18
10761,18
10771,18
10781,18
10791,18
10802,18
10813,18
10823,18
10833,18
10844,18
10854,18
10864,18
10875,18
10886,18
10896,18
10906,18
10916,18
10927,19
10938,19
10948,19
10958,20
10969,19
10979,19
10989,19
10999,19
11011,20
11021,20
11031,20
11041,20
11052,20
11062,20
11073,20
11083,20
11094,20
11104,20
11114,20
11124,20
11134,16
11145,16
11156,16
11166,16
11176,16
11187,16
11197,20
11208,20
11218,20
11229,21
11239,20
11249,21
11259,20
11271,20
11281,20
11291,20
11301,19
11312,19
11322,20
11332,19
11343,19
11354,19
11364,18
11374,18
11384,18
11395,18
11405,18
11416,17
11426,17
11437,17
11447,17
11457,17
11467,16
11478,17
11489,17
11499,16
11509,16
11520,16
11530,16
11540,16
11551,16
11561,15
11572,15
11582,15
11592,15
11602,15
11613,15
11624,15
11634,15
11644,15
11655,15
11665,14
11675,14
11685,14
11697,14
11707,14
11717,14
11727,14
11738,14
11748,14
11759,14
11769,14
11780,15
11790,15
11800,15
11810,15
11822,15
11832,15
11842,15
11852,16
11863,15
11873,16
11884,16
11894,16
11905,16
11915,17
11925,17
11935,17
11947,17
11957,17
11967,18
11977,19
11987,19
11998,20
12009,20
12019,20
12029,15
12040,13
12050,15
12060,20
12071,20
12082,21
12092,22
12102,21
12112,22
12123,22
12134,22
12144,22
12153,10
12164,9
12174,23
12184,23
12195,24
12206,23
12216,24
12226,24
12236,24
12247,24
12258,24
12268,25
12278,25
12289,25
12299,25
12309,25
12320,25
12331,26
12341,26
12351,26
12361,26
12371,26
12383,26
12393,26
12403,26
12413,26
12424,26
12434,26
12445,26
12455,26
12466,26
12476,26
12486,26
12496,26
12507,26
12518,25
12528,26
12538,25
12549,25
12559,25
12569,25
12579,24
12591,24
12601,24
12611,24
12621,24
12632,23
12641,8
12651,22
12662,22
12673,22
12683,22
12693,22
12703,22
12713,21
12724,20
12734,13
12744,13
12755,20
12766,20
12776,19
12786,18
12796,18
12807,17
12818,16
12828,16
12838,16
12849,16
12859,15
12869,15
12879,14
12891,14
12901,14
12911,13
12921,13
12932,13
12942,12
12952,12
12963,12
12974,12
12984,11
12994,11
13004,11
13015,11
13025,11
13036,11
13046,10
13057,11
13067,10
13077,10
13087,10
13097,10
13109,10
13119,10
13129,10
13139,10
13150,10
13160,10
13171,10
13181,10
13192,11
13202,10
13212,11
13222,11
13234,11
13244,11
13254,11
13264,11
13275,12
13285,12
13296,12
13306,13
13317,13
13327,13
13337,14
13347,14
13359,14
13369,15
13379,15
13389,15
13400,15
13410,16
13421,16
13431,17
13442,17
13452,17
13462,18
13473,18
13484,19
13494,20
13504,15
13514,14
13524,19
13536,20
13546,21
13556,22
13566,22
13577,22
13588,23
13598,22
13608,23
13618,9
13628,23
13638,23
13649,24
13660,24
13670,24
13680,24
13690,24
13701,25
13712,25
13722,25
13732,25
13743,25
13753,25
13763,26
13773,25
13785,25
13795,25
13805,25
13815,26
13826,26
13836,26
13847,25
13857,25
13868,25
13878,25
13888,25
13898,25
13910,25
13920,25
13930,25
13940,25
13950,25
13961,25
13971,24
13982,24
13992,24
14003,24
14013,24
14023,24
14033,23
14044,24
14055,23
14065,23
14074,9
14084,9
14094,22
14104,22
14114,23
14126,22
14136,22
14146,22
14156,22
14167,21
14177,21
14187,20
14197,14
14208,14
14218,13
14229,15
14239,20
14249,20
14260,19
14271,19
14281,18
14291,18
14302,18
14312,18
14322,17
14332,17
14344,17
14354,17
14364,17
14374,16
14385,16
14395,16
14405,16
14416,16
14427,16
14437,16
14447,16
14457,16
14468,15
14478,15
14489,15
14499,16
14510,15
14520,15
14530,15
14540,15
14552,15
14562,15
14572,15
14582,15
14593,15
14603,15
14614,16
14624,16
14635,16
14645,16
14655,16
14665,16
14676,16
14687,17
14697,16
14707,16
14717,17
14728,17
14738,17
14749,16
14759,17
14770,17
14780,17
14790,17
14800,17
14812,17
14822,18
14832,18
14842,18
14853,18
14863,19
14874,18
14884,18
14895,18
14905,19
14915,19
14925,19
14937,19
14947,19
14957,20
14967,19
14978,19
14988,19
14999,20
15009,20
