2,25
4,25
6,25
8,25
14,25
21,25
28,26
35,26
43,26
50,26
57,27
65,26
72,27
79,27
87,27
94,27
101,28
109,28
117,28
126,29
135,28
143,28
151,28
159,28
167,29
176,29
185,29
193,29
201,29
209,29
218,29
226,29
234,29
242,29
250,28
260,28
268,28
276,28
284,28
292,28
301,28
309,28
317,28
326,27
334,27
343,27
351,27
359,26
367,26
375,26
384,26
392,25
401,25
409,25
417,24
425,24
434,24
442,24
450,24
458,23
466,23
476,23
484,22
492,22
500,22
508,22
516,6
523,5
530,5
538,6
545,20
555,20
563,20
571,19
578,8
585,6
592,7
601,10
609,12
617,19
626,18
634,18
643,18
651,18
659,17
667,17
675,16
684,17
692,16
701,16
709,16
717,15
726,16
734,16
742,15
750,15
758,15
766,15
776,15
784,15
792,15
800,15
808,14
817,14
825,14
833,15
842,15
850,15
859,15
867,15
875,15
883,15
891,15
900,15
909,15
917,15
925,15
933,14
942,14
950,14
958,14
966,15
975,15
984,15
992,15
1000,15
1009,15
1018,15
1028,15
1038,16
1047,16
1056,15
1065,16
1075,16
1084,16
1093,16
1103,16
1113,16
1122,16
1131,16
1140,16
1149,16
1159,17
1169,17
1178,17
1187,17
1197,17
1206,17
1215,17
1224,17
1234,17
1244,17
1253,18
1262,18
1271,18
1281,17
1290,18
1300,18
1309,18
1318,17
1328,17
1337,18
1346,18
1356,18
1366,18
1375,18
1384,18
1393,18
1402,18
1412,18
1421,17
1431,17
1440,17
1449,17
1459,18
1468,17
1477,17
1486,17
1497,17
1506,16
1515,17
1524,17
1533,16
1543,16
1552,17
1561,16
1571,16
1581,16
1590,16
1599,16
1608,16
1617,16
1627,16
1637,15
1646,15
1655,15
1665,16
1674,16
1683,16
1692,15
1702,15
1712,15
1721,15
1730,15
1739,15
1748,15
1758,15
1768,15
1777,15
1786,15
1796,15
1805,16
1814,16
1823,16
1833,15
1843,16
1852,16
1861,15
1870,16
1880,16
1889,16
1899,16
1908,16
1917,16
1927,17
1936,17
1945,17
1954,18
1965,18
1974,18
1983,18
1992,19
2001,12
2011,11
2020,7
2028,6
2036,6
2044,11
2055,19
2064,20
2073,20
2083,20
2092,5
2100,5
2108,5
2116,6
2125,22
2135,22
2145,22
2154,23
2163,22
2172,23
2182,23
2191,23
2201,24
2210,24
2220,24
2229,25
2238,24
2247,25
2256,25
2267,25
2276,25
2285,26
2294,26
2304,26
2313,26
2322,26
2332,26
2341,27
2351,26
2360,26
2369,27
2378,27
2388,27
2398,27
2407,27
2416,27
2425,27
2435,27
2444,27
2454,28
2463,27
2472,26
2482,26
2491,27
2500,27
2509,26
2519,26
2529,26
2538,26
2547,26
2556,25
2566,25
2575,25
2584,25
2593,24
2604,24
2613,24
2622,24
2631,23
2640,22
2650,22
2659,23
2668,22
2678,22
2686,5
2695,6
2703,7
2712,20
2721,20
2731,11
2740,6
2748,8
2757,18
2766,18
2776,17
2785,17
2794,17
2803,16
2812,16
2822,16
2832,15
2841,14
2850,14
2860,14
2869,13
2878,13
2887,12
2896,12
2906,11
2916,11
2925,10
2934,11
2944,10
2953,10
2962,9
2970,10
2979,9
2988,9
2997,8
3005,8
3013,8
3021,8
3030,7
3038,8
3046,7
3054,7
3063,8
3072,7
3080,6
3088,7
3096,7
3104,7
3112,7
3121,6
3129,6
3138,7
3146,6
3154,7
3163,7
3171,7
3179,7
3187,6
3195,7
3205,8
3213,7
3221,7
3229,8
3237,7
3246,8
3254,8
3263,8
3271,8
3279,9
3288,8
3296,10
3305,10
3314,9
3323,10
3333,11
3342,11
3351,12
3360,12
3369,12
3380,13
3389,13
3398,14
3407,14
3417,15
3426,15
3436,16
3445,16
3454,17
3464,17
3473,17
3482,18
3492,19
3501,9
3509,7
3518,10
3527,20
3536,21
3546,5
3554,5
3563,22
3572,22
3581,23
3591,23
3601,23
3610,23
3619,21
3629,24
3637,9
3645,9
3654,25
3664,26
3674,23
3683,26
3692,27
3701,27
3710,27
3721,27
3729,12
3739,28
3748,27
3758,29
3767,28
3776,28
3786,29
3795,29
3805,28
3814,29
3823,29
3832,29
3843,29
3852,29
3861,29
3870,29
3878,17
3889,28
3898,28
3907,28
3917,29
3927,28
3936,27
3945,28
3954,19
3963,28
3973,27
3982,27
3992,27
4001,27
4011,27
4020,26
4029,22
4038,26
4047,25
4058,25
4067,25
4076,24
4085,24
4094,24
4104,24
4112,8
4121,22
4130,22
4141,22
4150,22
4158,7
4166,5
4174,5
4184,11
4193,20
4202,20
4211,6
4219,6
4228,7
4236,11
4246,12
4255,18
4264,18
4274,17
4283,17
4293,17
4302,16
4311,1
4320,10
4329,16
4338,15
4347,15
4357,15
4367,14
4376,14
4385,13
4395,14
4404,13
4413,13
4422,12
4431,13
4442,12
4451,12
4460,12
4469,12
4478,11
4488,11
4497,12
4506,12
4516,11
4526,11
4535,11
4544,11
4553,11
4562,11
4572,11
4582,11
4591,11
4600,11
4610,11
4619,12
4628,12
4637,11
4647,11
4657,12
4666,12
4675,12
4684,12
4694,13
4703,13
4713,13
4722,13
4731,13
4741,13
4750,14
4759,14
4769,14
4779,14
4788,14
4797,15
4806,14
4815,15
4825,15
4835,15
4844,16
4853,16
4862,16
4872,16
4881,16
4890,16
4900,17
4910,17
4919,17
4928,18
4937,17
4946,18
4957,17
4966,18
4975,19
4984,18
4994,19
5003,11
5012,12
5021,12
5030,10
5040,9
5048,8
5057,8
5065,6
5073,6
5082,7
5090,6
5098,6
5106,6
5114,7
5124,11
5133,19
5142,19
5152,18
5161,19
5171,19
5180,19
5189,19
5198,19
5208,19
5218,19
5227,19
5236,19
5245,19
5255,19
5264,19
5273,19
5283,19
5293,19
5302,19
5311,19
5320,19
5329,6
5338,7
5346,6
5354,6
5362,6
5370,6
5379,7
5387,6
5396,7
5404,6
5412,6
5421,6
5429,6
5437,6
5445,7
5453,6
5463,7
5471,7
5479,6
5487,8
5495,8
5504,8
5512,8
5521,8
5529,7
5537,7
5545,7
5554,8
5562,8
5570,7
5578,7
5586,7
5596,7
5604,6
5612,6
5620,6
5628,6
5637,6
5645,7
5653,6
5662,6
5670,6
5679,7
5688,19
5697,18
5706,19
5715,19
5725,20
5734,20
5744,20
5753,20
5763,20
5772,20
5781,21
5790,21
5799,21
5809,6
5817,6
5825,6
5833,6
5841,5
5850,5
5858,5
5867,5
5875,6
5883,6
5893,22
5902,21
5911,21
5920,22
5929,17
5940,23
5949,22
5958,22
5967,22
5977,23
5986,23
5995,23
6004,19
6014,22
6024,22
6033,22
6042,22
6051,22
6061,23
6071,23
6080,22
6089,22
6098,22
6108,22
6117,22
6126,22
6136,23
6146,23
6155,22
6164,22
6173,22
6182,22
6192,22
6201,22
6211,21
6219,7
6227,7
6236,6
6244,5
6252,5
6260,6
6269,6
6278,11
6288,20
6297,20
6306,20
6316,20
6325,19
6334,6
6342,7
6350,6
6359,9
6367,12
6377,18
6386,19
6395,18
6405,18
6414,17
6424,17
6433,17
6443,17
6452,16
6461,16
6470,16
6479,15
6489,15
6499,15
6508,14
6517,14
6526,14
6536,14
6545,13
6554,13
6563,13
6574,13
6583,13
6592,12
6601,12
6610,11
6620,12
6629,12
6638,11
6648,11
6658,11
6667,10
6676,11
6685,10
6694,10
6704,10
6714,10
6723,10
6732,10
6742,10
6751,10
6760,10
6769,10
6779,10
6789,9
6797,10
6806,9
6814,10
6823,10
6833,10
6842,10
6852,10
6861,10
6871,11
6880,10
6889,11
6898,11
6908,11
6918,12
6927,11
6936,12
6945,12
6955,13
6964,13
6974,13
6983,13
6992,14
7002,14
7011,14
7020,14
7030,15
7040,15
7049,15
7058,16
7067,16
7076,17
7087,17
7096,18
7105,18
7114,19
7123,12
7133,9
7141,6
7149,7
7158,19
7168,20
7177,21
7185,6
7193,5
7202,6
7212,22
7221,22
7230,23
7239,23
7248,23
7258,23
7268,24
7277,24
7286,24
7296,24
7305,25
7314,11
7324,25
7333,25
7343,25
7352,26
7361,26
7370,26
7380,27
7390,26
7399,27
7408,27
7417,26
7427,28
7436,28
7445,27
7455,27
7463,16
7474,27
7483,27
7492,27
7501,27
7511,27
7521,27
7530,27
7538,19
7548,27
7558,27
7567,27
7576,27
7586,26
7596,27
7605,26
7614,22
7623,26
7632,26
7642,26
7651,25
7661,25
7670,25
7680,25
7689,24
7697,7
7705,7
7713,8
7723,7
7731,8
7739,8
7748,22
7757,23
7767,22
7776,22
7784,5
7792,5
7801,6
7811,20
7820,20
7829,19
7837,7
7845,6
7855,9
7863,13
7872,12
7882,18
7891,18
7901,17
7910,17
7919,13
7928,16
7938,16
7947,16
7957,15
7966,15
7975,14
7985,14
7994,14
8003,13
8012,13
8022,13
8031,13
8041,12
8050,12
8059,12
8069,12
8078,12
8087,11
8096,11
8107,11
8116,11
8125,11
8134,10
8143,10
8153,10
8162,10
8171,10
8181,10
8190,10
8200,10
8209,10
8218,10
8227,10
8237,10
8247,10
8256,10
8265,10
8274,10
8284,11
8293,11
8302,11
8312,11
8322,11
8331,11
8340,11
8349,11
8358,12
8368,12
8378,12
8387,13
8396,13
8406,13
8415,13
8424,13
8434,14
8443,14
8453,14
8462,14
8471,15
8480,15
8491,15
8500,16
8509,15
8518,16
8527,16
8537,17
8546,17
8556,17
8565,17
8574,18
8584,18
8593,19
8602,19
8611,11
8621,11
8630,8
8638,6
8646,7
8654,6
8664,19
8674,20
8683,20
8692,20
8701,20
8711,21
8719,7
8728,6
8736,6
8744,6
8753,5
8761,5
8769,6
8778,22
8787,21
8797,21
8807,21
8816,22
8825,22
8835,22
8844,22
8853,22
8863,22
8872,22
8882,22
8891,23
8900,23
8909,22
8919,22
8929,23
8938,22
8947,22
8955,14
8966,22
8975,22
8984,22
8993,22
9004,22
9013,22
9022,23
9031,17
9040,22
9050,21
9059,22
9068,7
9077,22
9085,6
9094,5
9102,5
9110,5
9118,5
9127,5
9136,6
9144,6
9152,6
9160,7
9169,12
9179,20
9188,21
9197,21
9207,20
9217,20
9226,20
9235,20
9244,20
9253,19
9263,19
9272,19
9281,8
9289,8
9297,9
9306,6
9314,6
9323,7
9331,7
9339,6
9348,7
9356,6
9364,6
9372,7
9380,7
9390,8
9398,8
9406,7
9414,8
9422,8
9431,8
9439,8
9448,8
9456,9
9464,8
9473,8
9481,9
9489,9
9497,9
9505,9
9515,8
9523,8
9531,8
9539,8
9547,8
9555,8
9564,7
9572,7
9580,7
9589,7
9597,7
9606,6
9614,7
9622,6
9630,7
9638,7
9647,7
9656,6
9664,7
9672,7
9680,6
9689,7
9697,7
9705,7
9713,6
9722,7
9731,7
9739,6
9747,7
9755,6
9763,6
9772,7
9780,6
9789,6
9797,6
9805,6
9814,7
9822,7
9830,6
9838,7
9846,6
9856,6
9864,7
9872,7
9880,6
9888,7
9896,7
9905,8
9914,9
9922,9
9930,10
9939,11
9949,12
9958,12
9968,12
9977,10
9987,19
9996,18
10005,8
10015,18
10025,18
10036,18
10046,18
10055,4
10065,18
10076,17
10087,17
10097,17
10107,16
10118,17
10128,16
10138,16
10149,16
10160,16
10170,15
10180,16
10190,16
10201,15
10211,15
10222,15
10231,5
10242,15
10252,15
10262,14
10272,14
10283,15
10294,15
10304,14
10314,14
10324,14
10335,14
10345,14
10355,14
10366,14
10377,13
10387,13
10397,13
10407,14
10418,14
10429,13
10439,13
10449,14
10460,14
10470,14
10480,14
10491,14
10502,14
10512,14
10522,14
10532,15
10543,14
10553,14
10564,15
10574,15
10585,15
10595,15
10605,16
10615,16
10627,16
10637,16
10647,16
10657,16
10668,16
10678,17
10689,17
10699,18
10710,18
10720,18
10730,19
10740,14
10750,11
10761,9
10770,6
10779,6
10789,18
10801,20
10811,20
10821,20
10830,7
10840,5
10849,6
10859,5
10868,6
10878,21
10889,22
10899,23
10909,22
10919,23
10931,23
10941,23
10951,23
10961,24
10972,23
10982,16
10993,24
11003,24
11014,25
11024,16
11034,25
11044,25
11056,25
11065,16
11076,25
11086,25
11097,25
11107,18
11118,25
11128,25
11139,25
11149,22
11159,25
11169,25
11181,25
11191,22
11201,25
11211,25
11222,25
11232,24
11242,24
11253,24
11264,24
11274,23
11284,23
11294,24
11304,23
11315,23
11326,23
11336,23
11346,22
11357,22
11367,22
11377,22
11387,6
11397,5
11406,5
11415,6
11425,21
11436,20
11446,19
11456,10
11466,6
11475,7
11485,13
11496,19
11506,18
11516,17
11527,17
11537,17
11548,17
11558,16
11569,16
11578,7
11588,15
11598,15
11609,15
11619,14
11630,15
11640,14
11651,14
11661,13
11671,13
11681,13
11692,12
11703,13
11713,12
11723,12
11734,12
11744,11
11754,11
11765,12
11776,11
11786,11
11796,11
11806,11
11816,11
11827,11
11838,11
11848,11
11858,11
11869,11
11879,11
11889,11
11900,11
11911,11
11921,11
11931,11
11941,12
11952,11
11962,12
11973,12
11983,12
11994,12
12004,12
12014,12
12025,13
12036,13
12046,13
12056,14
12066,14
12077,15
12087,14
12098,15
12108,15
12119,15
12129,16
12139,15
12150,16
12161,17
12171,16
12181,17
12191,10
12201,17
12213,18
12223,20
12233,13
12243,10
12254,6
12263,7
12272,6
12282,19
12293,20
12303,20
12313,20
12323,7
12333,6
12342,5
12351,5
12360,5
12370,22
12381,22
12391,8
12401,22
12411,22
12422,22
12432,22
12442,23
12452,23
12464,23
12474,23
12484,23
12494,23
12505,23
12515,23
12526,23
12536,23
12547,23
12557,23
12567,23
12577,23
12589,23
12599,23
12609,23
12619,23
12630,23
12640,23
12650,23
12661,23
12672,23
12682,23
12692,23
12702,23
12712,22
12724,22
12734,22
12744,22
12754,22
12765,22
12774,4
12784,21
12794,6
12804,5
12813,5
12822,5
12831,5
12840,6
12851,6
12860,21
12871,20
12881,20
12892,20
12902,20
12912,19
12922,11
12933,7
12942,6
12951,7
12960,6
12969,8
12980,10
12990,12
13000,12
13010,11
13022,19
13032,18
13042,18
13052,18
13063,18
13073,15
13084,18
13094,18
13105,17
13115,17
13125,17
13135,17
13147,18
13156,8
13166,17
13176,17
13187,17
13197,16
13207,16
13218,16
13229,16
13239,17
13249,16
13259,16
13270,16
13281,16
13291,17
13301,17
13312,16
13322,16
13332,16
13343,16
13353,16
13364,16
13374,17
13384,17
13394,17
13405,17
13416,17
13426,17
13436,17
13447,17
13457,17
13467,17
13478,17
13489,17
13499,17
13509,17
13519,17
13530,7
13540,18
13550,18
13560,18
13571,18
13581,18
13591,11
13601,17
13613,18
13623,17
13633,17
13643,17
13654,17
13664,17
13675,17
13685,17
13696,17
13706,17
13716,18
13726,17
13736,17
13748,18
13758,18
13768,18
13778,18
13789,18
13799,18
13810,17
13820,17
13831,13
13841,17
13851,17
13861,17
13872,17
13883,17
13893,17
13903,17
13914,17
13924,17
13934,17
13945,17
13956,17
13966,17
13976,17
13986,17
13997,17
14007,17
14018,17
14027,3
14038,16
14048,16
14058,17
14068,17
14080,16
14090,17
14100,17
14110,17
14120,17
14131,8
14141,17
14151,17
14161,17
14172,17
14182,17
14192,17
14202,17
14214,17
14224,16
14234,18
14244,17
14255,17
14265,18
14275,6
14285,18
14296,18
14306,13
14316,19
14326,15
14337,13
14347,12
14357,11
14367,9
14377,7
14387,6
14396,6
14405,6
14414,6
14424,7
14433,8
14443,19
14453,20
14465,20
14475,20
14485,20
14495,20
14505,12
14516,7
14525,6
14534,5
14543,5
14553,5
14562,5
14571,5
14581,7
14592,22
14602,21
14612,22
14622,22
14632,22
14643,22
14654,22
14664,22
14674,22
14685,23
14695,22
14705,22
14715,23
14727,23
14737,22
14747,23
14757,23
14768,23
14778,23
14789,23
14799,23
14810,22
14820,22
14830,22
14840,22
14851,22
14862,22
14872,22
14882,22
14892,7
14902,22
14912,22
14923,22
14934,22
14943,5
14952,5
14961,4
14970,4
14980,5
14990,6
15000,21
