2,19
3,7
3,2
5,7
10,20
18,20
25,20
32,20
39,20
47,20
54,20
61,20
68,20
75,20
82,20
91,20
98,20
105,20
113,20
121,20
130,21
138,20
146,21
155,21
163,21
172,20
180,20
188,20
196,20
204,20
212,20
222,20
230,20
238,20
246,20
254,20
263,20
271,20
279,20
288,19
296,19
305,19
313,19
321,19
329,19
337,19
346,19
354,19
363,19
371,19
379,19
388,18
396,18
404,18
412,18
420,18
430,17
438,17
446,17
454,17
462,16
471,17
479,16
487,17
495,16
504,16
513,16
521,16
529,16
537,16
545,16
553,15
562,17
570,14
579,15
587,14
595,14
604,14
612,14
620,13
628,13
636,12
646,13
654,12
662,12
670,11
678,12
687,11
695,11
703,11
711,10
719,10
729,10
737,10
745,9
752,10
760,10
769,9
776,9
783,9
791,9
798,10
806,9
814,9
821,9
828,9
835,9
842,9
849,9
857,9
865,9
872,9
879,9
886,9
893,9
901,9
908,9
915,9
922,9
930,10
939,10
947,9
954,10
962,10
970,10
978,10
988,11
996,11
1004,12
1013,11
1022,12
1032,12
1041,13
1051,13
1060,13
1070,14
1079,15
1088,15
1097,15
1107,16
1117,17
1126,16
1135,16
1144,16
1154,16
1164,17
1173,17
1182,17
1191,17
1201,17
1210,18
1219,18
1229,19
1239,19
1248,19
1257,19
1266,19
1275,20
1286,20
1295,21
1304,21
1313,21
1323,21
1332,22
1342,22
1351,22
1360,22
1370,23
1379,24
1388,23
1397,24
1408,24
1417,24
1426,24
1435,25
1444,24
1454,26
1464,25
1473,26
1482,26
1491,25
1501,26
1510,26
1519,26
1529,26
1539,26
1548,25
1557,26
1566,26
1575,26
1585,26
1595,26
1604,25
1613,26
1623,26
1632,26
1641,25
1650,25
1660,26
1670,25
1679,25
1688,25
1697,25
1707,24
1716,25
1725,24
1735,24
1744,23
1754,23
1763,23
1772,23
1781,22
1790,22
1800,22
1809,21
1819,21
1828,21
1838,21
1847,20
1856,20
1865,19
1874,18
1884,19
1894,19
1903,18
1912,18
1922,18
1931,17
1940,17
1949,17
1958,16
1969,16
1978,16
1987,16
1996,16
2006,18
2015,17
2024,16
2033,15
2043,14
2053,13
2062,13
2071,13
2080,12
2089,11
2099,12
2108,11
2118,10
2127,10
2137,10
2146,10
2155,9
2163,10
2172,9
2181,9
2190,9
2198,8
2206,8
2214,8
2223,8
2231,8
2239,8
2247,8
2255,8
2265,8
2273,8
2281,8
2289,8
2297,8
2306,8
2314,8
2322,9
2331,8
2339,8
2348,8
2356,8
2364,8
2372,9
2380,8
2388,8
2398,9
2406,9
2414,9
2422,9
2430,9
2439,9
2447,10
2457,10
2466,10
2476,11
2485,11
2494,11
2503,12
2513,12
2523,12
2532,13
2541,13
2550,14
2560,14
2569,14
2579,15
2588,17
2597,17
2607,16
2616,15
2625,17
2635,16
2644,16
2654,16
2663,17
2672,17
2681,17
2692,17
2701,18
2710,18
2719,18
2728,19
2738,19
2747,18
2757,19
2766,19
2776,19
2785,19
2794,20
2803,20
2812,20
2823,21
2832,21
2841,21
2850,21
2860,22
2869,21
2879,21
2888,22
2897,22
2907,22
2916,22
2925,22
2934,22
2945,22
2954,23
2963,23
2972,23
2981,23
2991,23
3000,23
3010,23
3019,22
3028,23
3038,23
3047,23
3056,23
3065,23
3076,23
3085,22
3094,22
3103,22
3112,22
3122,22
3131,22
3141,22
3150,22
3160,21
3169,21
3178,22
3187,21
3196,21
3206,21
3216,20
3225,21
3234,20
3244,20
3253,20
3262,20
3271,20
3280,19
3291,19
3300,19
3309,19
3318,19
3328,18
3337,19
3346,19
3356,19
3365,19
3375,18
3384,18
3393,18
3402,18
3411,17
3421,17
3431,18
3440,17
3449,17
3459,17
3468,17
3477,17
3486,17
3496,16
3506,16
3515,17
3524,17
3533,16
3543,16
3552,16
3562,17
3571,17
3580,16
3590,16
3599,16
3608,16
3617,16
3628,17
3637,17
3646,17
3655,16
3664,16
3674,16
3683,16
3692,16
3702,16
3712,16
3721,16
3730,16
3739,16
3748,17
3759,17
3768,17
3777,16
3786,16
3795,16
3805,16
3814,16
3823,16
3833,16
3843,16
3852,17
3861,17
3870,17
3879,16
3889,16
3899,16
3908,16
3917,16
3927,17
3936,17
3945,17
3954,17
3964,16
3974,16
3983,16
3992,16
4001,16
4011,17
4020,17
4030,17
4039,17
4048,17
4058,17
4067,17
4076,17
4085,17
4096,17
4105,17
4114,17
4123,17
4132,17
4142,17
4151,17
4161,17
4170,17
4179,17
4189,17
4198,17
4207,17
4216,16
4227,17
4236,16
4245,16
4254,16
4263,17
4273,17
4282,17
4292,17
4301,16
4311,16
4320,16
4329,16
4338,16
4347,17
4358,17
4367,16
4376,16
4385,16
4395,16
4404,16
4413,16
4423,17
4432,16
4442,16
4451,16
4460,15
4469,15
4478,16
4488,16
4498,16
4507,17
4516,17
4526,18
4535,18
4544,17
4553,17
4563,27
4573,27
4582,17
4591,17
4600,17
4610,17
4619,16
4629,16
4638,16
4647,16
4657,16
4666,16
4675,17
4684,16
4695,16
4704,16
4713,16
4722,17
4731,17
4741,16
4750,16
4760,17
4769,17
4779,16
4788,16
4797,17
4806,17
4815,16
4826,17
4835,17
4844,17
4853,17
4862,17
4872,17
4881,18
4891,18
4900,18
4910,18
4919,19
4928,19
4937,19
4947,19
4957,18
4966,19
4975,18
4984,19
4994,20
5003,19
5012,19
5022,20
5031,20
5041,20
5050,20
5059,20
5068,21
5079,20
5088,21
5097,21
5106,21
5115,21
5125,22
5134,21
5144,21
5153,21
5163,22
5172,22
5181,22
5190,22
5199,22
5210,22
5219,22
5228,22
5237,22
5246,22
5256,22
5265,22
5275,22
5284,22
5294,22
5303,22
5312,22
5321,22
5330,22
5341,22
5350,22
5359,21
5368,21
5378,21
5387,22
5396,21
5406,21
5415,21
5425,21
5434,21
5443,20
5452,20
5462,20
5471,20
5481,19
5490,19
5499,19
5509,19
5518,19
5527,18
5536,19
5545,19
5556,18
5565,18
5574,18
5583,17
5593,18
5602,17
5611,17
5620,17
5630,16
5640,17
5649,16
5658,16
5667,17
5677,15
5686,17
5696,16
5705,15
5714,18
5724,15
5733,14
5742,15
5751,14
5761,14
5771,13
5780,13
5789,12
5798,12
5808,12
5817,12
5826,11
5835,12
5846,11
5855,10
5864,11
5873,11
5882,10
5892,11
5901,10
5910,10
5920,10
5929,10
5939,10
5948,10
5957,10
5966,10
5976,10
5986,10
5995,10
6004,10
6013,10
6023,10
6032,10
6041,10
6051,9
6060,10
6069,10
6078,10
6087,10
6096,11
6106,11
6116,11
6125,12
6134,11
6144,11
6153,12
6162,12
6172,13
6181,13
6191,13
6200,14
6209,13
6218,15
6227,14
6238,15
6247,18
6256,15
6265,15
6275,17
6284,15
6294,16
6303,17
6312,16
6322,16
6331,18
6340,17
6349,17
6360,17
6369,18
6378,17
6387,18
6396,19
6406,19
6416,18
6425,19
6434,19
6444,19
6453,19
6462,20
6471,20
6481,20
6491,21
6500,21
6509,21
6518,22
6528,21
6538,21
6547,22
6556,22
6565,23
6575,22
6584,23
6593,23
6603,23
6612,23
6622,23
6631,23
6640,23
6649,23
6659,24
6669,24
6678,24
6687,24
6696,24
6706,23
6715,23
6724,24
6734,23
6744,24
6753,24
6762,24
6771,23
6780,23
6790,23
6800,23
6809,23
6818,23
6828,23
6837,23
6846,22
6855,23
6865,22
6875,22
6884,22
6893,21
6902,22
6912,21
6921,21
6930,21
6940,21
6949,20
6959,20
6968,20
6977,20
6986,19
6995,20
7005,19
7015,18
7024,19
7033,19
7043,19
7052,18
7061,18
7070,18
7079,17
7090,18
7099,17
7108,17
7117,17
7127,16
7136,17
7145,16
7155,17
7164,16
7174,17
7183,15
7192,17
7201,15
7211,18
7220,15
7230,18
7239,15
7248,15
7258,15
7267,14
7276,15
7285,14
7294,14
7305,14
7314,14
7323,13
7332,13
7342,13
7351,13
7360,13
7370,13
7379,12
7389,12
7398,12
7407,12
7416,13
7426,13
7436,13
7445,13
7454,12
7463,12
7473,12
7482,12
7491,12
7501,13
7511,14
7520,13
7529,13
7538,13
7547,14
7557,14
7567,14
7576,13
7585,14
7595,15
7604,15
7613,14
7623,17
7632,15
7642,15
7651,16
7660,15
7669,15
7680,19
7688,15
7698,16
7707,16
7716,15
7726,17
7735,16
7744,16
7754,17
7763,16
7773,17
7782,17
7791,16
7800,17
7810,17
7820,16
7829,17
7838,17
7847,17
7857,17
7866,18
7875,17
7885,17
7895,18
7904,18
7913,18
7922,18
7931,18
7941,18
7951,18
7960,19
7969,19
7979,19
7988,19
7997,19
8006,19
8016,19
8026,20
8035,19
8044,19
8053,19
8062,18
8072,18
8082,18
8091,19
8100,19
8110,19
8119,18
8128,18
8137,19
8147,18
8157,18
8166,19
8175,19
8184,18
8194,19
8203,19
8213,19
8222,19
8231,19
8241,19
8250,19
8259,19
8268,19
8279,19
8288,18
8297,19
8306,19
8315,19
8325,19
8334,19
8344,19
8353,18
8363,18
8372,18
8381,18
8390,18
8399,18
8409,18
8419,18
8428,18
8437,18
8446,18
8456,18
8465,18
8474,18
8484,18
8494,18
8503,18
8512,18
8521,18
8530,18
8540,17
8550,17
8559,17
8568,17
8578,17
8587,17
8596,17
8605,17
8615,17
8625,17
8634,17
8643,17
8652,17
8662,17
8671,17
8681,17
8690,18
8699,18
8709,18
8718,18
8727,18
8736,18
8747,18
8756,18
8765,18
8774,18
8783,18
8793,17
8802,18
8811,18
8821,18
8830,18
8840,18
8849,18
8858,18
8867,18
8878,18
8887,18
8896,18
8905,18
8914,18
8924,18
8933,18
8942,18
8952,18
8962,18
8971,18
8980,18
8989,18
8998,18
9008,18
9018,18
9027,18
9036,18
9046,18
9055,18
9064,18
9073,18
9083,18
9093,18
9102,18
9111,18
9120,18
9129,18
9139,18
9149,18
9158,18
9167,18
9177,18
9186,18
9195,17
9204,17
9214,17
9224,18
9233,17
9242,17
9251,17
9261,17
9270,17
9279,17
9289,16
9298,17
9308,17
9317,17
9326,16
9335,16
9345,17
9355,17
9364,16
9373,16
9382,16
9392,16
9401,16
9410,16
9420,17
9430,16
9439,16
9448,16
9457,17
9466,15
9476,16
9486,16
9495,19
9504,15
9513,15
9523,15
9532,17
9541,17
9550,15
9561,15
9570,15
9579,15
9588,17
9597,16
9607,15
9616,14
9626,14
9635,14
9645,14
9654,14
9663,14
9672,14
9681,14
9691,14
9701,14
9710,14
9719,14
9729,14
9738,14
9747,15
9757,16
9766,16
9776,15
9785,14
9794,15
9803,16
9812,17
9823,15
9832,15
9841,16
9850,17
9860,15
9869,15
9878,16
9888,15
9897,15
9907,17
9916,16
9925,16
9934,16
9944,16
9954,17
9963,17
9972,16
9981,17
9991,16
10000,17
10010,17
10021,17
10032,17
10042,17
10052,18
10062,18
10073,18
10084,19
10094,19
10104,19
10115,19
10125,19
10135,19
10146,19
10157,19
10167,19
10177,20
10187,20
10198,20
10209,20
10219,20
10229,21
10240,21
10250,21
10260,21
10271,21
10281,21
10292,21
10302,21
10312,22
10322,22
10334,21
10344,21
10354,21
10364,22
10375,22
10385,22
10396,22
10406,21
10417,22
10427,22
10437,21
10447,22
10458,22
10469,22
10479,22
10489,22
10500,21
10510,21
10520,21
10530,21
10542,21
10552,21
10562,20
10572,20
10583,20
10593,20
10604,20
10614,19
10625,19
10635,19
10645,19
10655,19
10665,18
10677,19
10687,19
10697,18
10707,18
10718,18
10728,18
10738,17
10749,17
10760,17
10770,17
10780,16
10790,17
10801,16
10811,16
10822,17
10832,16
10843,16
10853,16
10863,16
10873,15
10885,16
10895,15
10905,16
10915,14
10926,15
10936,14
10946,14
10957,14
10968,13
10978,14
10988,14
10998,13
11009,13
11019,13
11030,13
11040,12
11051,12
11061,13
11071,13
11081,12
11091,12
11103,12
11113,12
11123,12
11133,12
11144,12
11154,12
11165,13
11175,12
11186,13
11196,12
11206,12
11216,13
11228,13
11238,13
11248,13
11258,13
11269,14
11279,13
11290,14
11300,15
11311,14
11321,15
11331,15
11341,16
11353,16
11363,16
11373,16
11383,15
11394,16
11404,16
11415,16
11425,16
11436,17
11446,16
11456,17
11466,16
11478,17
11488,17
11498,17
11508,17
11518,17
11529,17
11539,18
11550,18
11560,18
11571,18
11581,19
11591,19
11601,19
11613,19
11623,18
11633,19
11643,19
11654,19
11664,20
11675,19
11685,19
11696,20
11706,20
11716,20
11726,20
11738,20
11748,20
11758,20
11768,20
11779,20
11789,20
11800,21
11810,21
11821,21
11831,21
11841,21
11851,21
11863,21
11873,21
11883,21
11893,21
11904,21
11914,20
11924,20
11935,20
11945,20
11956,20
11966,20
11976,20
11986,20
11997,20
12008,20
12018,19
12028,19
12039,19
12049,19
12059,19
12070,19
12081,19
12091,19
12101,18
12111,18
12122,19
12132,19
12143,19
12153,19
12164,18
12174,18
12184,18
12194,18
12205,18
12216,18
12226,18
12236,17
12247,18
12257,17
12267,17
12278,17
12289,17
12299,17
12309,16
12319,17
12329,17
12340,16
12351,16
12361,16
12371,17
12382,16
12392,16
12402,16
12413,16
12424,17
12434,17
12444,16
12454,16
12465,16
12475,16
12486,16
12496,16
12507,16
12517,16
12527,16
12537,17
12549,16
12559,16
12569,16
12579,16
12590,17
12600,17
12611,17
12621,16
12632,17
12642,16
12652,16
12662,16
12673,16
12684,16
12694,16
12704,16
12715,16
12725,16
12735,17
12746,17
12756,16
12767,16
12777,16
12787,16
12797,16
12808,16
12819,17
12829,17
12839,17
12850,17
12860,17
12870,16
12881,16
12892,16
12902,16
12912,16
12922,17
12933,17
12944,17
12954,17
12964,17
12975,17
12985,17
12995,17
13005,17
13017,17
13027,16
13037,16
13047,16
13058,17
13068,16
13079,17
13089,16
13100,16
13110,16
13120,16
13130,16
13140,16
13152,16
13162,16
13172,16
13182,16
13193,16
13203,16
13214,17
13224,17
13235,16
13245,17
13255,16
13265,16
13276,16
13287,16
13297,16
13307,17
13318,17
13328,17
13338,17
13349,17
13360,17
13370,17
13380,17
13390,17
13401,17
13412,17
13422,16
13432,16
13443,16
13453,16
13463,17
13473,17
13485,16
13495,17
13505,17
13515,17
13526,17
13536,17
13547,17
13557,18
13568,17
13578,17
13588,17
13598,17
13609,17
13620,17
13630,17
13640,17
13650,17
13661,18
13671,17
13682,17
13692,17
13703,17
13713,18
13723,18
13733,18
13745,18
13755,18
13765,18
13775,18
13786,18
13796,18
13807,18
13817,18
13828,18
13838,19
13848,19
13858,19
13870,19
13880,19
13890,19
13900,19
13911,19
13921,19
13932,19
13942,19
13953,18
13963,19
13973,18
13983,19
13993,19
14005,19
14015,19
14025,19
14035,19
14046,19
14056,19
14067,19
14077,19
14088,19
14098,19
14108,19
14118,19
14129,19
14140,19
14150,18
14160,19
14171,18
14181,18
14191,19
14202,19
14213,19
14223,19
14233,19
14243,19
14254,19
14264,19
14275,19
14285,18
14296,18
14306,18
14316,18
14326,18
14338,18
14348,18
14358,18
14368,17
14379,17
14389,18
14399,17
14410,17
14420,17
14431,17
14441,16
14451,17
14461,17
14472,16
14483,16
14493,17
14503,17
14514,16
14524,17
14534,17
14545,16
14556,16
14566,17
14576,16
14586,16
14597,16
14608,17
14618,16
14628,16
14639,18
14649,20
14659,16
14669,15
14681,16
14691,16
14701,17
14711,17
14722,16
14732,15
14742,15
14753,15
14764,15
14774,15
14784,15
14794,15
14804,15
14816,15
14826,15
14836,15
14846,14
14857,15
14867,15
14878,16
14888,17
14899,17
14909,16
14919,15
14929,15
14941,17
14951,19
14961,16
14971,16
14982,16
14992,17
15002,16

