2,33
5,34
7,34
10,34
15,34
22,34
29,33
37,34
45,34
52,34
59,34
66,34
73,34
80,34
88,34
95,33
103,33
111,34
119,33
128,33
136,33
144,33
152,32
160,32
168,32
178,32
186,31
194,31
202,31
210,31
219,30
227,30
235,30
243,29
252,29
261,28
269,28
277,27
285,27
293,26
302,26
310,25
318,25
326,24
335,24
344,23
352,23
360,22
368,22
376,21
385,20
393,20
401,19
409,20
417,19
427,18
435,18
443,18
451,17
459,16
467,17
476,16
484,15
492,14
500,13
508,12
518,12
526,11
534,10
542,10
550,9
558,9
565,9
572,8
579,8
586,8
593,8
602,7
609,6
616,6
623,6
630,5
637,5
645,5
652,5
659,5
666,4
673,4
681,4
689,4
696,4
703,3
710,3
717,4
724,3
732,3
739,3
746,3
754,3
761,3
769,3
776,3
783,3
790,3
797,3
804,3
812,3
820,3
827,4
834,4
841,4
848,4
856,4
863,5
870,4
878,5
885,4
892,6
900,5
907,6
914,6
921,6
928,6
936,7
944,8
951,8
958,8
965,8
972,9
979,10
989,10
997,11
1005,11
1014,11
1024,12
1033,13
1043,14
1052,15
1061,16
1071,16
1080,20
1089,17
1099,18
1108,18
1118,18
1127,19
1136,20
1145,16
1156,19
1165,20
1174,21
1183,21
1192,22
1202,22
1212,23
1221,23
1230,23
1240,24
1249,25
1258,25
1268,25
1277,25
1287,26
1296,26
1305,26
1314,27
1325,27
1334,27
1343,28
1352,27
1361,28
1371,28
1380,29
1390,29
1399,29
1409,29
1418,29
1427,29
1436,29
1445,29
1456,29
1465,29
1474,29
1483,29
1492,29
1502,29
1511,29
1521,29
1530,29
1540,29
1549,28
1558,28
1567,28
1576,28
1586,27
1596,27
1605,27
1614,27
1624,26
1633,26
1642,26
1651,26
1661,26
1671,25
1680,25
1689,24
1698,25
1708,24
1717,24
1726,24
1735,23
1745,22
1755,22
1764,22
1773,21
1782,21
1792,21
1801,21
1810,20
1820,20
1829,19
1839,18
1848,17
1857,19
1866,20
1875,19
1885,18
1895,19
1904,18
1913,18
1923,18
1932,17
1941,18
1950,18
1960,17
1970,18
1979,17
1988,18
1997,17
2007,16
2016,17
2026,18
2035,18
2044,17
2054,16
2063,16
2072,16
2081,16
2091,16
2101,16
2110,16
2119,16
2128,16
2138,16
2147,17
2157,18
2166,18
2176,17
2185,17
2194,17
2203,18
2212,18
2222,16
2232,18
2241,18
2250,17
2259,17
2269,18
2278,17
2287,18
2297,18
2307,17
2316,18
2325,18
2334,18
2343,18
2354,19
2363,19
2372,19
2381,19
2391,19
2400,19
2409,20
2419,20
2428,19
2438,19
2447,20
2456,19
2465,18
2475,16
2484,17
2493,16
2503,16
2512,16
2522,17
2531,17
2540,17
2549,17
2558,16
2569,16
2578,16
2587,17
2596,17
2606,17
2616,20
2625,19
2634,19
2643,19
2653,19
2662,20
2671,19
2680,19
2691,19
2700,18
2709,18
2718,18
2727,18
2737,18
2746,18
2755,17
2765,18
2775,17
2784,18
2793,17
2802,17
2811,17
2821,17
2831,18
2840,16
2849,18
2859,16
2868,17
2877,16
2886,16
2896,17
2906,15
2915,15
2924,15
2933,14
2942,15
2952,14
2961,14
2971,14
2980,14
2990,14
2999,14
3008,14
3017,13
3026,13
3036,14
3046,14
3055,14
3064,13
3074,13
3083,13
3092,13
3101,14
3111,14
3121,14
3130,14
3139,14
3148,15
3158,15
3168,15
3177,15
3186,15
3195,16
3205,16
3214,17
3224,17
3233,17
3243,19
3252,17
3261,17
3270,18
3279,18
3290,17
3299,18
3308,19
3317,19
3326,20
3336,19
3345,15
3355,19
3364,20
3374,20
3383,21
3392,21
3401,22
3411,22
3421,22
3430,22
3439,23
3448,23
3458,24
3468,24
3477,24
3486,25
3495,25
3505,26
3514,26
3524,26
3533,26
3543,27
3552,27
3561,27
3570,27
3579,28
3590,27
3599,28
3608,28
3617,29
3627,29
3636,29
3646,29
3655,29
3664,29
3674,29
3683,29
3692,30
3701,30
3712,30
3721,30
3730,30
3739,30
3748,30
3758,29
3767,29
3777,29
3786,29
3795,29
3805,29
3814,28
3823,29
3832,28
3842,28
3852,28
3861,27
3870,27
3879,27
3889,26
3898,26
3907,26
3916,26
3927,25
3936,25
3945,24
3954,24
3963,23
3973,23
3982,23
3991,22
4000,21
4011,21
4020,21
4029,20
4038,19
4047,16
4057,20
4066,19
4075,18
4084,18
4094,18
4104,17
4113,16
4122,18
4131,16
4141,15
4150,14
4159,13
4168,13
4178,12
4188,11
4197,11
4206,10
4215,10
4225,9
4233,9
4241,9
4249,9
4258,8
4267,7
4275,7
4283,8
4291,7
4299,6
4307,6
4316,5
4324,6
4332,5
4341,6
4349,5
4358,4
4366,5
4374,5
4382,5
4390,4
4399,4
4408,4
4416,5
4424,5
4432,4
4441,4
4449,4
4457,5
4465,5
4474,6
4483,5
4491,5
4499,6
4507,5
4515,6
4524,6
4533,7
4541,6
4549,7
4557,7
4566,7
4574,8
4582,8
4591,8
4599,8
4608,8
4616,9
4624,10
4633,11
4642,11
4653,11
4662,12
4671,13
4680,14
4689,14
4700,14
4709,16
4718,18
4727,16
4737,17
4746,19
4756,18
4765,18
4774,19
4784,20
4793,16
4802,19
4812,20
4822,21
4831,21
4840,22
4849,23
4858,23
4869,23
4878,23
4887,24
4896,25
4905,25
4915,25
4925,26
4934,26
4943,27
4953,27
4962,28
4971,28
4980,27
4990,28
5000,29
5009,28
5018,29
5027,29
5037,29
5047,30
5056,30
5065,30
5074,30
5084,30
5093,30
5102,30
5112,30
5122,30
5131,30
5140,30
5149,30
5158,30
5168,31
5178,30
5187,30
5196,30
5206,30
5215,29
5224,29
5233,29
5243,29
5253,29
5262,28
5271,28
5280,27
5289,27
5299,27
5308,27
5317,26
5327,26
5337,26
5346,26
5355,25
5364,25
5373,25
5383,24
5392,24
5402,24
5411,23
5421,22
5430,23
5439,22
5448,21
5457,21
5467,21
5477,20
5486,20
5495,19
5505,17
5514,19
5523,19
5532,18
5541,18
5552,18
5561,18
5570,18
5579,18
5588,18
5598,17
5607,16
5616,17
5626,16
5636,16
5645,15
5654,15
5663,15
5672,14
5682,14
5691,14
5701,14
5710,13
5720,13
5729,13
5738,12
5747,12
5756,13
5766,12
5776,12
5785,12
5794,12
5804,12
5813,12
5822,12
5831,12
5841,12
5851,12
5860,12
5869,12
5878,12
5888,13
5897,13
5907,13
5916,13
5925,13
5935,14
5944,13
5953,14
5962,14
5972,14
5982,15
5991,14
6000,16
6009,15
6019,17
6029,16
6038,17
6047,16
6056,18
6066,16
6075,18
6084,17
6094,18
6104,17
6113,18
6122,18
6131,18
6140,18
6151,18
6160,18
6169,18
6178,19
6188,19
6197,19
6206,19
6216,19
6225,20
6235,19
6244,19
6253,20
6262,19
6272,15
6281,16
6291,17
6300,18
6309,18
6319,18
6328,19
6337,19
6347,19
6356,20
6366,20
6375,20
6384,20
6393,20
6403,20
6413,20
6422,20
6431,20
6440,20
6450,19
6459,19
6468,19
6477,18
6488,19
6497,18
6506,18
6515,16
6524,16
6534,18
6544,19
6553,19
6562,19
6572,19
6581,19
6590,20
6599,20
6608,19
6619,19
6628,19
6637,19
6646,19
6656,19
6665,19
6674,19
6684,19
6693,18
6703,18
6712,18
6721,18
6730,18
6739,18
6750,18
6759,18
6768,18
6777,18
6787,18
6796,18
6805,18
6815,19
6824,18
6834,18
6843,18
6852,18
6861,18
6871,18
6881,19
6890,19
6899,18
6908,18
6918,19
6927,19
6936,19
6946,19
6956,20
6965,19
6974,19
6983,20
6992,15
7002,18
7012,19
7021,19
7030,20
7040,19
7049,21
7058,20
7067,21
7077,20
7087,21
7096,21
7105,22
7114,21
7123,22
7134,22
7143,22
7152,22
7161,22
7171,23
7180,23
7189,23
7199,23
7208,24
7218,23
7227,24
7236,24
7245,24
7256,25
7265,24
7274,24
7283,25
7292,25
7302,25
7311,25
7321,25
7330,25
7340,25
7349,26
7358,26
7367,25
7376,25
7387,25
7396,25
7405,25
7414,25
7424,25
7433,25
7442,25
7451,25
7461,25
7471,25
7480,25
7489,24
7498,24
7507,25
7517,24
7527,24
7536,23
7545,24
7555,23
7564,23
7573,23
7582,22
7591,22
7602,22
7611,21
7620,21
7629,21
7639,21
7648,20
7657,20
7666,20
7675,19
7686,17
7695,19
7704,19
7713,18
7723,18
7732,18
7741,18
7751,18
7760,18
7770,17
7779,16
7788,16
7797,15
7806,15
7816,14
7826,15
7835,15
7844,14
7854,13
7863,12
7872,12
7881,12
7890,11
7900,11
7910,11
7919,10
7928,10
7938,10
7947,9
7955,10
7964,9
7972,9
7981,9
7990,8
7998,9
8006,8
8014,8
8023,8
8031,9
8039,8
8047,8
8056,7
8065,7
8073,7
8081,7
8089,8
8097,8
8105,8
8114,8
8123,8
8131,8
8139,8
8147,9
8156,9
8164,8
8172,9
8181,9
8189,9
8198,10
8207,9
8215,10
8224,10
8233,10
8244,11
8253,12
8262,11
8271,12
8281,12
8290,13
8300,13
8309,15
8318,15
8328,16
8337,18
8347,18
8356,17
8366,17
8375,17
8384,18
8393,17
8402,17
8413,19
8422,20
8431,20
8440,19
8450,20
8459,20
8469,21
8478,21
8487,21
8497,22
8506,22
8515,23
8525,24
8535,24
8544,24
8553,24
8562,25
8571,26
8581,26
8591,26
8600,26
8609,26
8619,27
8628,27
8637,27
8647,28
8656,27
8666,29
8675,28
8684,29
8693,29
8704,29
8713,29
8722,29
8731,29
8740,29
8750,30
8759,29
8769,30
8778,29
8787,29
8797,30
8806,29
8815,29
8824,29
8835,29
8844,29
8853,29
8862,29
8871,29
8881,29
8890,29
8899,28
8909,28
8919,28
8928,27
8937,28
8946,27
8955,27
8965,26
8974,26
8984,26
8993,25
9003,25
9012,25
9021,24
9030,24
9039,24
9049,23
9058,23
9068,22
9077,22
9086,22
9096,22
9105,21
9114,20
9123,20
9133,19
9142,17
9152,19
9161,19
9170,19
9180,18
9189,18
9198,17
9207,18
9218,18
9227,18
9236,17
9245,16
9254,16
9264,15
9273,14
9282,15
9292,14
9302,13
9311,13
9320,13
9329,12
9338,12
9348,12
9357,12
9366,11
9376,12
9385,11
9395,11
9404,11
9413,10
9422,11
9432,10
9442,10
9451,10
9460,10
9469,10
9479,10
9488,10
9497,10
9506,10
9517,10
9526,10
9535,10
9544,10
9553,11
9563,10
9573,11
9582,11
9591,11
9601,11
9610,11
9619,11
9628,12
9638,12
9648,12
9657,12
9666,13
9675,13
9684,14
9695,14
9704,14
9713,15
9722,14
9732,15
9741,17
9751,16
9760,16
9769,20
9779,17
9788,17
9797,18
9806,17
9817,18
9826,19
9835,17
9844,18
9853,19
9863,18
9873,19
9882,19
9891,19
9901,20
9910,16
9919,19
9928,19
9938,20
9948,20
9957,20
9966,20
9975,21
9985,21
9994,21
10004,21
10014,21
10024,22
10035,21
10045,22
10055,22
10066,22
10077,22
10087,22
10097,22
10107,23
10118,23
10129,23
10139,23
10149,23
10160,23
10170,23
10180,23
10190,23
10202,23
10212,22
10222,23
10232,22
10243,22
10253,22
10264,22
10274,22
10285,22
10295,22
10305,21
10315,21
10326,22
10337,21
10347,21
10357,21
10368,21
10378,21
10388,21
10398,20
10409,20
10420,20
10430,21
10440,21
10450,20
10461,20
10472,20
10482,19
10492,19
10503,19
10513,19
10523,19
10533,18
10544,17
10555,15
10565,16
10575,16
10586,17
10596,18
10607,19
10617,19
10628,19
10638,19
10648,19
10658,19
10669,18
10680,18
10690,17
10700,17
10711,16
10721,16
10731,15
10741,17
10753,18
10763,18
10773,19
10783,19
10793,19
10805,20
10815,19
10825,20
10835,20
10846,20
10856,20
10867,20
10877,20
10888,20
10898,20
10908,20
10918,21
10929,21
10940,21
10950,21
10960,21
10971,21
10981,21
10991,21
11002,21
11013,21
11023,21
11033,21
11043,21
11054,21
11065,21
11075,21
11085,22
11096,21
11106,21
11116,21
11126,21
11138,21
11148,21
11158,21
11168,21
11179,21
11189,21
11200,20
11210,20
11220,21
11231,20
11241,20
11251,20
11261,20
11273,19
11283,18
11293,16
11303,19
11314,19
11324,20
11334,19
11345,19
11356,18
11366,19
11376,18
11386,18
11397,18
11407,17
11418,18
11428,17
11439,18
11449,17
11459,17
11469,17
11480,16
11491,17
11501,16
11511,17
11522,15
11532,15
11542,15
11552,15
11564,14
11574,14
11584,13
11594,14
11604,13
11615,13
11625,13
11636,12
11646,13
11657,13
11667,12
11677,12
11687,12
11699,12
11709,12
11719,12
11729,12
11740,12
11750,12
11760,12
11771,12
11782,12
11792,13
11802,12
11812,12
11823,13
11834,13
11844,13
11854,14
11865,13
11875,14
11885,14
11896,15
11907,15
11917,16
11927,17
11937,17
11949,16
11959,17
11969,18
11979,17
11990,17
12000,17
12011,18
12021,18
12032,19
12042,19
12052,19
12062,20
12072,16
12084,19
12094,20
12104,20
12114,21
12125,21
12136,22
12146,22
12156,22
12167,22
12177,23
12188,23
12198,23
12209,24
12219,24
12229,24
12239,25
12251,25
12261,26
12271,26
12281,26
12292,26
12302,26
12313,27
12323,26
12334,27
12344,27
12354,27
12364,28
12376,27
12386,27
12396,27
12406,27
12417,28
12427,28
12438,28
12448,27
12459,27
12469,27
12479,27
12489,27
12499,28
12511,27
12521,27
12531,27
12541,26
12552,27
12562,27
12572,26
12583,26
12594,26
12604,25
12614,25
12624,25
12635,25
12645,24
12656,24
12666,24
12677,23
12687,23
12697,23
12707,22
12718,22
12729,21
12739,21
12749,21
12760,20
12770,19
12780,18
12790,19
12802,19
12812,19
12822,18
12832,18
12843,18
12853,17
12863,17
12873,17
12884,17
12895,17
12905,16
12915,15
12925,15
12936,14
12946,13
12957,13
12967,13
12978,12
12988,12
12998,12
13008,11
13019,12
13029,11
13040,11
13050,11
13061,10
13071,10
13081,10
13091,10
13103,10
13113,10
13123,10
13133,10
13144,10
13154,10
13164,10
13175,10
13186,10
13196,10
13206,10
13216,10
13227,11
13238,11
13248,11
13258,12
13268,11
13279,12
13289,12
13300,12
13310,12
13321,13
13331,13
13341,14
13352,14
13363,14
13373,14
13383,16
13393,17
13404,17
13415,17
13425,16
13435,17
13446,18
13456,18
13466,18
13477,17
13488,18
13498,18
13508,19
13518,19
13529,19
13539,16
13550,19
13560,20
13571,20
13581,20
13591,21
13602,21
13613,21
13623,22
13633,22
13643,22
13654,22
13665,23
13675,22
13685,23
13696,23
13706,23
13716,23
13727,24
13737,23
13748,24
13758,24
13768,24
13779,24
13790,24
13800,24
13810,24
13820,24
13831,24
13841,24
13852,24
13862,24
13873,24
13883,25
13893,24
13903,24
13915,24
13925,24
13935,24
13945,24
13956,23
13966,23
13976,23
13987,23
13998,23
14008,23
14018,23
14028,22
14039,23
14049,23
14060,22
14070,22
14081,22
14091,21
14101,22
14111,21
14121,21
14133,21
14143,21
14153,20
14163,21
14174,20
14184,20
14195,20
14205,19
14216,19
14226,17
14236,16
14246,19
14257,20
14268,19
14278,20
14288,19
14299,19
14309,19
14319,19
14329,19
14341,18
14351,19
14361,19
14371,18
14382,18
14392,18
14403,18
14413,18
14424,18
14434,18
14444,18
14454,18
14465,18
14476,18
14486,18
14496,18
14507,18
14517,18
14527,18
14538,18
14548,18
14559,18
14569,18
14579,18
14589,18
14600,18
14611,18
14621,18
14631,18
14642,18
14652,18
14662,18
14673,19
14684,19
14694,19
14704,19
14714,19
14725,19
14736,19
14746,19
14756,19
14767,19
14777,19
14787,19
14798,19
14809,19
14819,19
14829,20
14839,19
14850,19
14860,20
14871,19
14881,19
14892,19
14902,20
14912,19
14922,19
14934,19
14944,19
14954,19
14964,19
14974,19
14985,19
14995,19
15006,19
15016,19
15027,18
15037,19
15047,18
15057,18
15069,18
15079,18
15089,18
15099,18
15110,18
15120,18
15130,17
15141,18
15152,17
15162,18
15172,17
15182,17
15193,18
15204,17
15214,17
15224,17
15235,18
15245,17
15255,17
15265,16
15277,17
15287,17
15297,17
15307,17
15318,17
15328,16
15338,16
15349,17
15360,17
15370,17
15380,17
15390,17
15400,17
15412,17
15422,17
15432,16
15442,16
15453,16
15463,17
15474,17
15484,17
15495,17
15505,16
15515,17
15525,18
15536,17
15547,17
15557,17
15567,17
15578,17
15588,18
15598,17
15609,18
15620,18
15630,18
15640,18
15650,18
15661,19
15672,19
15682,19
15692,20
15703,17
15713,17
15723,19
15734,19
15745,20
15755,20
15765,20
15775,21
15785,21
15797,21
15807,22
15817,21
15827,22
15838,22
15848,23
15859,22
15869,22
15880,23
15890,23
15900,23
15910,23
15922,23
15932,24
15942,24
15952,24
15963,25
15973,24
15984,25
15994,24
16005,25
16015,25
16025,25
16035,25
16047,25
16057,25
16067,25
16077,25
16088,25
16098,25
16109,25
16119,25
16130,25
16140,25
16150,25
16160,25
16171,24
16182,24
16192,24
16202,24
16212,24
16223,24
16233,23
16243,23
16254,23
16265,23
16275,23
16285,22
16295,22
16306,22
16316,22
16327,22
16337,21
16348,21
16358,20
16368,20
16378,20
16389,20
16400,18
16410,17
16420,19
16431,20
16441,19
16451,18
16461,18
16473,18
16483,18
16493,18
16503,17
16514,17
16524,17
16534,17
16545,16
16556,16
16566,17
16576,15
16586,15
16596,15
16607,14
16618,15
16628,13
16638,14
16649,13
16659,13
16669,12
16679,13
16691,12
16701,12
16711,12
16721,12
16732,12
16742,12
16752,12
16763,11
16774,11
16784,11
16794,11
16804,11
16815,11
16826,11
16836,11
16846,12
16857,12
16867,12
16877,12
16888,12
16899,13
16909,12
16919,13
16929,13
16940,14
16951,14
16961,14
16971,14
16982,15
16992,15
17002,15
17013,16
17024,16
17034,16
17044,18
17054,17
17064,16
17076,17
17086,18
17096,18
17106,18
17117,18
17127,18
17138,19
17148,19
17159,20
17169,19
17179,18
17189,19
17201,20
17211,20
17221,20
17231,21
17242,21
17253,22
17263,21
17273,22
17284,22
17294,23
17304,23
17315,23
17326,23
17336,23
17346,23
17356,23
17367,24
17378,24
17388,24
17398,24
17409,24
17419,24
17429,24
17440,24
17451,24
17461,25
17471,25
17481,25
17491,25
17502,25
17513,25
17523,25
17533,25
17544,25
17554,25
17564,24
17575,24
17586,24
17596,24
17606,24
17616,24
17627,24
17637,24
17648,24
17658,24
17669,23
17679,23
17689,23
17699,23
17710,23
17721,23
17731,22
17741,22
17752,22
17762,21
17772,22
17782,21
17794,21
17804,21
17814,20
17824,20
17835,20
17845,20
17855,19
17866,18
17876,16
17887,20
17897,19
17907,19
17917,19
17929,19
17939,19
17949,18
17959,18
17970,18
17980,17
17990,18
18001,18
18012,17
18022,17
18032,18
18042,17
18053,17
18063,18
18074,17
18084,16
18095,17
18105,17
18115,18
18125,18
18137,17
18147,17
18157,17
18167,17
18178,17
18188,17
18199,17
18209,17
18220,17
18230,17
18240,16
18250,17
18260,17
18272,17
18282,18
18292,18
18302,17
18313,17
18323,16
18334,17
18344,18
18355,18
18365,17
18375,17
18385,17
18397,18
18407,18
18417,17
18427,17
18438,18
18448,18
18458,18
18469,18
18480,18
18490,18
18500,18
18510,18
18521,18
18532,18
18542,19
18552,18
18563,19
18573,19
18583,19
18594,19
18605,19
18615,19
18625,19
18635,19
18646,19
18656,19
18667,19
18677,20
18688,20
18698,20
18708,20
18718,19
18729,19
18740,20
18750,20
18760,19
18770,19
18781,19
18792,20
18802,19
18812,19
18823,20
18833,20
18843,20
18853,20
18865,19
18875,19
18885,20
18895,19
18906,19
18916,19
18927,19
18937,19
18948,19
18958,19
18968,19
18978,19
18989,19
19000,19
19010,19
19020,19
19031,19
19041,19
19051,19
19062,19
19073,19
19083,19
19093,19
19103,19
19113,19
19124,19
19135,19
19145,19
19155,19
19166,19
19176,19
19186,19
19197,19
19208,19
19218,19
19228,19
19238,19
19249,20
19260,20
19270,19
19280,20
19291,19
19301,20
19311,19
19321,18
19332,16
19343,15
19353,17
19363,19
19374,19
19384,20
19395,20
19405,20
19416,20
19426,20
19436,20
19446,21
19458,20
19468,20
19478,20
19488,21
19499,21
19509,21
19520,21
19530,21
19540,21
19551,22
19561,22
19571,21
19582,21
19593,21
19603,22
19613,22
19623,22
19634,22
19644,22
19655,22
19665,22
19676,22
19686,22
19696,23
19706,23
19718,22
19728,22
19738,22
19748,23
19759,22
19769,22
19780,22
19790,22
19801,22
19811,22
19821,22
19831,22
19842,22
19853,21
19863,21
19873,22
19884,22
19894,21
19904,21
19915,21
19926,21
19936,20
19946,20
19956,21
19966,20
19977,20
19988,20
19998,19
20008,18
