1,10
1,1
2,0
5,10
11,9
17,9
23,9
29,8
35,8
41,8
48,8
54,7
60,8
66,7
73,6
79,7
86,6
92,5
98,6
104,5
111,6
118,4
125,5
133,4
140,4
148,4
155,3
162,3
169,3
177,3
184,3
191,3
198,2
205,2
212,3
221,2
228,2
235,2
242,2
249,2
257,2
264,2
271,2
278,2
286,2
293,2
301,2
308,2
315,2
322,3
329,3
336,2
344,2
352,3
359,3
366,3
373,3
380,3
388,3
395,4
402,4
410,5
417,4
424,5
432,5
439,5
446,5
453,5
460,6
467,5
476,6
483,7
490,7
497,7
504,8
512,8
519,8
527,9
534,9
541,9
548,9
556,10
564,10
572,11
580,11
589,11
598,11
606,12
614,13
622,13
630,14
640,15
648,15
656,15
664,15
672,16
680,16
689,17
698,17
706,17
714,18
722,18
731,18
739,18
747,18
756,19
764,19
773,20
781,19
789,16
797,13
805,20
814,19
823,20
831,20
839,20
847,20
856,21
864,21
872,21
881,21
889,21
898,22
905,9
913,22
921,21
929,21
937,21
947,21
955,21
963,21
971,22
979,22
988,21
996,9
1003,21
1013,21
1022,21
1032,21
1041,20
1050,20
1059,20
1069,20
1078,19
1088,19
1096,13
1106,15
1116,19
1125,20
1134,19
1143,20
1153,18
1163,18
1172,19
1181,17
1190,17
1200,18
1209,16
1218,16
1228,17
1238,16
1247,16
1256,17
1265,15
1274,15
1284,16
1293,14
1302,14
1312,14
1321,13
1331,13
1340,13
1349,13
1358,12
1368,12
1377,12
1387,12
1396,11
1405,12
1415,11
1424,10
1433,11
1442,11
1452,10
1462,10
1471,10
1480,10
1489,10
1499,10
1508,10
1517,10
1527,10
1537,10
1546,10
1555,10
1564,11
1573,11
1583,11
1593,10
1602,11
1611,11
1620,11
1630,11
1639,11
1648,11
1658,12
1668,12
1677,13
1686,12
1695,13
1704,13
1715,13
1724,14
1733,14
1742,14
1752,15
1761,15
1771,15
1780,17
1789,16
1799,16
1808,16
1817,18
1827,17
1837,17
1846,18
1855,18
1864,17
1873,18
1884,20
1893,20
1902,19
1911,17
1921,12
1930,19
1939,20
1949,20
1958,20
1968,21
1977,21
1986,21
1995,21
2004,21
2015,22
2024,22
2033,22
2042,22
2052,22
2061,23
2070,23
2080,22
2089,22
2099,23
2108,23
2117,23
2126,23
2137,23
2146,23
2155,23
2164,22
2173,22
2183,22
2192,23
2201,22
2211,22
2221,22
2230,22
2239,22
2248,22
2257,22
2267,20
2277,21
2286,20
2295,20
2305,20
2314,19
2323,13
2332,18
2341,20
2352,19
2361,18
2370,18
2379,17
2388,18
2398,17
2407,17
2416,17
2425,16
2436,16
2445,15
2454,15
2463,15
2472,14
2482,14
2491,13
2500,13
2509,12
2520,11
2529,11
2538,11
2547,10
2556,10
2566,9
2574,9
2582,8
2590,8
2599,7
2608,8
2616,7
2624,6
2632,6
2640,6
2649,5
2657,5
2665,5
2674,5
2682,5
2691,4
2699,5
2707,4
2715,4
2723,3
2732,4
2740,3
2749,3
2757,3
2765,3
2774,2
2782,2
2790,2
2798,2
2806,2
2816,3
2824,3
2832,3
2840,3
2848,2
2856,2
2865,2
2873,2
2882,2
2890,2
2898,3
2907,3
2915,3
2923,3
2931,3
2939,4
2949,4
2957,4
2965,4
2973,5
2981,4
2990,6
2998,5
3007,5
3015,6
3023,6
3032,6
3040,7
3048,8
3056,8
3065,7
3074,8
3082,9
3090,9
3098,10
3107,10
3118,11
3127,11
3136,11
3145,12
3154,12
3164,12
3173,13
3183,14
3192,15
3202,16
3211,17
3220,18
3230,17
3239,17
3249,17
3258,17
3267,18
3276,19
3287,19
3296,19
3305,15
3314,20
3323,20
3333,20
3342,21
3352,21
3361,21
3371,22
3380,22
3389,22
3398,22
3408,23
3418,23
3427,23
3436,24
3445,24
3454,24
3465,24
3474,24
3483,24
3492,25
3502,25
3511,25
3520,24
3530,25
3539,24
3549,25
3558,24
3567,25
3576,24
3586,24
3596,24
3605,25
3614,24
3623,24
3633,24
3642,24
3651,24
3660,24
3671,24
3680,23
3689,23
3698,23
3707,22
3717,23
3726,22
3735,22
3745,22
3755,21
3764,21
3773,21
3782,20
3791,20
3801,20
3810,13
3820,19
3829,20
3838,19
3848,18
3857,18
3866,17
3875,17
3885,18
3895,17
3904,16
3913,16
3922,16
3932,16
3941,16
3950,15
3959,14
3970,14
3979,14
3988,13
3997,12
4006,13
4016,12
4025,11
4034,12
4044,11
4054,11
4063,11
4072,11
4081,10
4090,10
4100,10
4109,10
4119,9
4127,10
4136,9
4145,9
4153,9
4161,9
4169,9
4177,9
4186,9
4195,8
4203,8
4211,8
4219,8
4228,8
4236,8
4244,8
4252,9
4261,9
4270,9
4278,9
4286,9
4294,9
4302,9
4311,10
4321,10
4330,9
4338,9
4346,10
4356,10
4365,10
4374,10
4384,10
4393,11
4403,11
4412,12
4421,11
4430,12
4440,12
4450,12
4459,12
4468,13
4477,13
4487,13
4496,14
4506,13
4515,15
4525,14
4534,15
4543,14
4552,16
4562,16
4572,16
4581,16
4590,16
4599,17
4609,17
4618,17
4628,17
4637,16
4646,18
4656,17
4665,17
4674,18
4683,17
4694,18
4703,18
4712,18
4721,18
4730,18
4740,19
4750,19
4759,18
4768,18
4777,18
4787,19
4796,18
4805,18
4814,18
4825,18
4834,18
4843,19
4852,19
4861,18
4871,17
4880,18
4890,18
4899,18
4909,17
4918,18
4927,17
4936,16
4945,18
4955,16
4965,17
4974,16
4983,17
4993,17
5002,17
5011,16
5020,16
5030,15
5040,16
5049,14
5058,15
5067,14
5076,14
5086,14
5095,13
5105,14
5114,13
5124,12
5133,12
5142,11
5151,11
5160,11
5170,11
5180,11
5189,10
5198,11
5208,9
5216,10
5225,9
5233,10
5242,9
5252,9
5260,9
5268,8
5276,9
5284,8
5293,8
5301,9
5309,8
5317,7
5326,8
5335,8
5343,8
5351,7
5359,7
5367,7
5376,7
5384,7
5393,7
5401,7
5409,7
5417,7
5426,7
5434,7
5442,7
5450,7
5459,7
5468,8
5476,8
5484,8
5492,8
5500,8
5509,8
5517,8
5526,9
5534,9
5542,9
5551,9
5559,9
5567,10
5576,9
5585,10
5595,10
5604,10
5613,11
5622,11
5632,11
5642,12
5651,12
5660,12
5669,13
5679,13
5688,14
5698,14
5707,14
5716,14
5726,15
5735,16
5744,17
5754,17
5764,17
5773,17
5782,17
5791,17
5800,18
5810,19
5820,19
5829,20
5838,19
5848,14
5857,20
5866,20
5876,20
5885,20
5895,21
5903,9
5912,21
5921,22
5931,22
5941,22
5950,22
5959,22
5968,23
5978,23
5987,23
5997,24
6006,24
6016,24
6025,24
6034,24
6043,24
6052,24
6063,24
6072,24
6081,24
6090,24
6099,25
6109,25
6118,24
6128,24
6137,24
6147,24
6156,24
6165,24
6174,24
6183,24
6194,24
6203,24
6212,23
6221,23
6231,23
6240,23
6249,22
6258,23
6268,22
6278,22
6287,22
6296,22
6305,21
6315,21
6324,20
6333,20
6343,19
6351,14
6362,17
6371,19
6380,19
6389,18
6398,18
6408,18
6418,18
6427,18
6436,18
6446,17
6455,16
6464,15
6473,15
6482,14
6492,14
6502,14
6511,14
6520,13
6530,13
6539,13
6548,12
6557,11
6566,11
6577,11
6586,10
6595,10
6604,9
6612,9
6621,9
6629,8
6637,9
6645,8
6654,8
6663,8
6671,8
6679,7
6687,8
6695,6
6704,7
6712,6
6720,6
6729,7
6737,6
6746,6
6754,6
6762,6
6770,5
6778,5
6787,5
6795,5
6804,6
6812,6
6820,6
6829,6
6837,6
6845,6
6853,5
6861,5
6871,5
6879,5
6887,5
6895,6
6903,6
6912,6
6920,6
6929,7
6937,6
6945,6
6953,7
6962,7
6970,7
6978,8
6986,7
6995,8
7004,7
7012,8
7020,8
7028,9
7036,8
7045,9
7054,8
7062,10
7071,9
7079,10
7089,10
7098,10
7107,11
7117,12
7127,11
7136,11
7145,13
7154,13
7163,12
7174,13
7183,14
7192,14
7201,14
7211,15
7220,14
7230,16
7239,17
7248,15
7258,17
7267,17
7276,16
7286,18
7296,16
7305,18
7314,16
7323,18
7332,17
7342,18
7352,18
7361,18
7370,18
7379,18
7389,20
7398,19
7407,19
7417,19
7427,20
7436,19
7445,19
7454,19
7463,19
7473,19
7483,18
7492,18
7501,19
7511,19
7520,19
7529,19
7538,19
7548,19
7558,19
7567,19
7576,20
7585,20
7595,19
7604,19
7614,20
7623,19
7632,18
7642,19
7651,19
7660,17
7669,18
7678,18
7689,17
7698,18
7707,16
7716,18
7726,17
7735,17
7744,17
7754,16
7763,17
7773,16
7782,17
7791,15
7800,16
7810,15
7819,16
7829,15
7838,14
7847,15
7857,14
7866,15
7875,14
7884,13
7895,14
7904,13
7913,13
7922,14
7931,13
7941,13
7950,13
7959,13
7969,12
7979,12
7988,12
7997,13
8006,12
8015,12
8025,12
8034,12
8044,11
8053,11
8062,11
8072,11
8081,11
8090,11
8099,12
8110,12
8119,12
8128,12
8137,13
8146,12
8156,12
8165,12
8175,13
8184,13
8194,12
8203,13
8212,13
8221,13
8231,14
8241,14
8250,14
8259,15
8268,14
8278,15
8287,15
8297,15
8306,15
8315,16
8325,16
8334,15
8343,17
8353,16
8363,17
8372,16
8381,17
8390,16
8399,18
8409,17
8419,17
8428,17
8437,18
8446,17
8456,19
8465,18
8475,19
8484,18
8494,20
8503,19
8512,19
8521,19
8530,15
8540,13
8549,12
8559,20
8568,19
8578,19
8587,20
8596,20
8606,20
8615,20
8625,20
8634,20
8643,21
8652,20
8662,20
8672,20
8681,20
8690,20
8699,20
8709,20
8718,20
8727,20
8737,20
8747,20
8756,20
8765,19
8774,20
8783,20
8793,13
8802,15
8812,19
8821,18
8830,20
8840,19
8849,19
8858,19
8867,19
8877,17
8887,18
8896,17
8905,18
8914,16
8924,17
8933,17
8942,16
8951,16
8962,17
8971,15
8980,15
8989,16
8998,15
9008,14
9017,14
9027,14
9036,13
9046,13
9055,13
9064,12
9073,11
9082,12
9092,11
9101,11
9111,11
9120,10
9129,10
9139,10
9148,9
9156,9
9164,9
9172,9
9182,9
9190,8
9198,8
9206,8
9214,7
9223,8
9231,7
9239,8
9247,7
9256,6
9265,7
9273,7
9281,6
9289,6
9297,7
9306,6
9314,6
9322,5
9331,6
9339,6
9348,6
9356,6
9364,6
9372,6
9380,6
9390,6
9398,6
9406,6
9414,6
9422,6
9431,5
9439,6
9447,7
9456,7
9464,6
9473,6
9481,7
9489,7
9497,7
9505,8
9513,7
9523,7
9531,8
9539,7
9547,8
9555,8
9564,9
9572,8
9581,9
9589,9
9597,10
9607,9
9615,10
9624,10
9633,10
9644,11
9653,12
9662,11
9671,11
9680,13
9690,13
9700,13
9709,13
9718,14
9728,15
9737,14
9746,14
9756,16
9765,16
9775,16
9784,16
9793,16
9802,18
9811,17
9822,16
9831,18
9840,18
9849,17
9859,18
9868,19
9878,18
9887,20
9896,19
9906,17
9915,13
9924,20
9933,19
9944,20
9953,20
9962,20
9971,20
9980,21
9990,21
9999,8
10008,21
10018,22
10029,21
10039,21
10049,22
10059,22
10071,21
10081,21
10091,22
10101,22
10112,22
10122,21
10133,21
10143,21
10153,21
10164,21
10174,21
10184,21
10194,21
10206,20
10216,21
10226,20
10236,20
10247,20
10257,20
10267,20
10278,19
10288,13
10299,15
10309,18
10319,19
10330,20
10341,19
10351,19
10361,18
10372,18
10382,17
10392,18
10402,17
10414,17
10424,17
10434,16
10444,17
10455,16
10465,16
10475,16
10485,15
10497,15
10507,15
10517,14
10527,14
10537,14
10548,14
10558,13
10569,13
10579,13
10590,13
10600,12
10610,12
10620,13
10632,12
10642,12
10652,12
10662,12
10673,11
10683,11
10693,12
10704,11
10715,11
10725,11
10735,11
10745,11
10756,11
10766,11
10777,11
10787,11
10798,11
10808,11
10818,11
10828,11
10840,12
10850,12
10860,11
10870,11
10881,11
10891,12
10902,12
10912,11
10923,12
10933,13
10943,12
10953,13
10964,13
10975,13
10985,13
10995,13
11005,13
11016,14
11027,14
11037,15
11047,14
11058,14
11068,15
11078,15
11089,15
11100,15
11110,16
11120,16
11130,16
11141,16
11152,16
11162,16
11172,16
11183,17
11193,16
11203,17
11214,17
11225,17
11235,17
11245,16
11255,17
11266,17
11277,18
11287,17
11297,17
11308,17
11318,17
11328,17
11338,17
11350,17
11360,17
11370,17
11380,17
11390,18
11401,17
11411,17
11422,16
11432,17
11443,17
11453,17
11463,16
11473,16
11485,17
11495,16
11505,16
11515,16
11526,16
11536,16
11546,16
11557,15
11568,15
11578,15
11588,15
11598,15
11609,14
11619,15
11630,14
11640,14
11651,13
11661,13
11671,13
11681,13
11692,12
11703,12
11713,12
11723,12
11734,12
11744,11
11754,11
11764,11
11776,11
11786,11
11796,11
11806,10
11816,11
11827,10
11838,10
11848,10
11858,10
11869,10
11879,10
11889,10
11899,10
11911,9
11920,9
11929,9
11938,9
11948,9
11957,9
11966,9
11976,9
11985,10
11996,10
12006,10
12016,10
12026,10
12038,10
12048,10
12058,11
12068,10
12079,11
12089,11
12099,11
12110,11
12121,11
12131,12
12141,12
12151,12
12163,12
12173,12
12183,13
12193,13
12204,13
12214,14
12225,14
12235,14
12246,15
12256,15
12266,15
12276,16
12288,16
12298,16
12308,17
12318,16
12328,17
12339,17
12350,17
12360,18
12370,17
12381,18
12391,18
12401,18
12412,19
12423,19
12433,20
12443,18
12453,17
12464,14
12475,19
12485,20
12495,20
12506,20
12516,20
12526,20
12537,20
12548,21
12558,21
12568,21
12578,21
12589,21
12600,21
12610,21
12620,21
12631,21
12641,21
12651,21
12662,21
12673,21
12683,21
12693,21
12703,21
12713,21
12724,21
12735,21
12745,20
12755,20
12766,20
12776,20
12786,20
12796,20
12808,19
12817,14
12828,15
12838,18
12849,19
12859,20
12870,19
12880,19
12891,18
12901,18
12911,18
12921,17
12932,17
12943,17
12953,16
12963,17
12974,16
12984,16
12994,16
13004,16
13016,15
13026,15
13036,15
13046,14
13057,14
13067,14
13077,13
13087,13
13099,13
13109,12
13119,12
13129,11
13139,12
13150,11
13160,11
13171,11
13181,11
13192,11
13202,10
13212,10
13222,10
13233,9
13243,9
13252,10
13262,9
13272,9
13281,9
13290,9
13299,9
13309,9
13319,8
13328,8
13337,8
13346,8
13356,9
13365,9
13375,9
13384,8
13393,8
13403,8
13412,8
13421,9
13430,9
13441,9
13450,9
13459,9
13468,8
13477,9
13487,10
13497,9
13507,9
13516,10
13527,10
13537,10
13547,10
13557,10
13569,11
13579,11
13589,11
13599,11
13609,11
13620,12
13631,11
13641,13
13651,12
13662,13
13672,13
13682,13
13693,13
13704,14
13714,14
13724,15
13734,14
13745,15
13756,15
13766,15
13776,15
13787,16
13797,16
13807,16
13818,16
13829,16
13839,17
13849,16
13859,17
13870,17
13881,17
13891,17
13901,18
13912,17
13922,17
13932,17
13943,17
13954,18
13964,17
13974,17
13984,17
13995,17
14006,17
14016,18
14026,18
14036,18
14047,18
14057,18
14067,17
14078,18
14089,17
14099,17
14109,17
14119,18
14130,18
14141,18
14151,17
14161,17
14172,17
14182,17
14192,17
14202,16
14214,17
14224,17
14234,17
14244,16
14255,17
14265,17
14275,16
14286,16
14297,17
14307,16
14317,16
14327,16
14338,15
14349,16
14359,15
14369,15
14380,15
14390,15
14400,15
14410,14
14422,15
14432,15
14442,15
14452,14
14462,14
14473,14
14484,14
14494,14
14504,13
14515,13
14525,13
14535,13
14545,14
14557,13
14567,14
14577,13
14587,13
14598,13
14608,13
14618,13
14629,13
14640,13
14650,13
14660,13
14670,13
14681,13
14692,13
14702,14
14712,14
14723,14
14733,14
14743,14
14754,15
14765,14
14775,14
14785,14
14795,15
14806,15
14817,15
14827,16
14837,16
14848,15
14858,16
14868,16
14879,15
14889,17
14900,16
14910,16
14920,17
14930,16
14942,17
14952,17
14962,16
14972,17
14983,17
14993,17
15004,17

