2,25
4,25
6,25
8,25
14,25
21,25
28,25
35,24
43,24
50,24
56,7
62,7
69,7
75,7
81,10
90,22
97,23
104,22
112,22
120,22
128,7
135,6
143,7
150,11
158,14
167,20
176,20
184,19
192,19
200,18
208,18
217,18
225,17
234,17
242,17
250,16
259,16
267,16
275,15
283,15
291,15
300,14
309,15
317,14
325,14
333,14
342,14
350,13
358,13
366,13
374,13
384,12
392,12
400,12
408,11
416,12
424,12
433,12
441,12
450,11
458,11
466,12
475,12
483,11
491,11
499,11
507,11
516,11
525,11
533,11
541,11
549,12
558,12
566,11
574,11
583,12
591,11
600,12
608,12
616,12
624,12
632,13
641,12
650,12
658,13
666,13
674,13
683,13
691,13
699,14
708,14
716,14
724,14
733,14
741,15
749,14
757,15
765,15
775,16
783,16
791,16
799,16
807,16
816,17
824,17
833,17
841,17
849,17
858,17
866,17
874,18
882,18
891,18
900,18
908,19
916,19
924,19
932,19
941,19
949,20
958,20
966,20
974,20
983,21
991,15
999,14
1007,13
1016,13
1026,11
1035,11
1044,9
1052,9
1061,8
1070,8
1078,8
1086,7
1094,7
1102,7
1111,7
1119,7
1127,7
1136,7
1144,7
1153,7
1161,7
1169,7
1177,7
1185,8
1195,9
1203,9
1211,10
1220,10
1229,11
1239,13
1249,13
1258,14
1267,15
1276,16
1287,20
1296,20
1305,20
1314,20
1324,20
1333,19
1342,19
1351,19
1361,19
1371,18
1380,19
1389,19
1398,18
1408,18
1417,18
1427,18
1436,18
1445,18
1455,18
1464,17
1473,17
1482,18
1492,18
1502,17
1511,17
1520,17
1529,17
1539,17
1548,17
1557,17
1567,17
1576,17
1586,17
1595,17
1604,16
1613,16
1623,17
1633,17
1642,17
1651,17
1660,17
1670,17
1679,17
1688,17
1698,16
1708,16
1717,17
1726,17
1735,17
1744,17
1754,17
1764,18
1773,18
1782,18
1792,18
1801,18
1810,18
1819,18
1829,19
1839,19
1848,20
1857,19
1866,19
1875,20
1886,20
1895,20
1904,16
1913,14
1923,12
1932,10
1941,9
1949,7
1957,7
1966,7
1974,6
1982,7
1991,22
2000,22
2011,22
2020,22
2029,22
2038,22
2048,22
2057,22
2066,22
2076,24
2085,22
2095,22
2103,10
2112,10
2122,10
2131,8
2140,8
2148,8
2156,8
2164,7
2172,8
2181,8
2189,8
2198,8
2206,8
2214,8
2223,8
2231,8
2239,9
2247,10
2257,10
2267,22
2277,23
2286,23
2295,22
2305,23
2314,22
2323,22
2332,22
2342,22
2352,22
2361,21
2369,6
2377,6
2385,7
2395,8
2403,10
2412,13
2421,16
2432,20
2441,20
2450,19
2459,19
2468,18
2478,18
2488,18
2497,18
2506,17
2515,18
2525,17
2534,17
2543,17
2552,16
2562,16
2572,16
2581,15
2590,15
2599,15
2609,14
2618,14
2627,14
2636,13
2647,13
2656,13
2665,12
2674,12
2683,12
2693,12
2702,11
2711,11
2721,11
2731,11
2740,11
2749,11
2758,10
2767,10
2777,10
2787,10
2796,10
2805,10
2814,9
2823,9
2831,9
2839,9
2847,10
2857,10
2867,10
2876,10
2885,9
2893,9
2902,9
2910,9
2919,10
2928,10
2937,10
2947,10
2956,10
2965,10
2974,10
2984,11
2994,11
3003,12
3012,11
3021,12
3031,11
3040,13
3050,12
3059,13
3068,13
3078,13
3087,13
3096,14
3106,14
3116,14
3125,15
3134,16
3143,16
3152,16
3163,16
3172,17
3181,17
3190,18
3200,18
3209,19
3219,19
3228,19
3237,20
3247,15
3256,12
3265,8
3273,6
3281,7
3291,22
3300,22
3309,22
3318,23
3328,10
3337,7
3345,7
3353,7
3362,24
3372,24
3381,24
3390,24
3400,25
3409,25
3419,25
3428,26
3437,26
3446,26
3457,26
3466,26
3475,27
3484,27
3493,27
3503,27
3512,27
3522,27
3531,27
3540,28
3550,28
3559,28
3568,28
3577,28
3588,28
3597,28
3606,27
3615,27
3624,27
3634,27
3643,27
3652,26
3662,27
3672,27
3681,26
3690,26
3699,26
3708,26
3718,25
3728,25
3737,25
3746,25
3756,25
3765,24
3774,24
3782,7
3790,7
3800,7
3808,8
3816,10
3826,23
3835,22
3845,22
3854,22
3862,6
3871,6
3879,8
3888,12
3898,20
3907,20
3916,19
3926,18
3935,18
3944,17
3953,17
3963,17
3973,18
3982,16
3991,16
4000,15
4009,15
4019,15
4028,15
4038,14
4047,14
4057,14
4066,13
4075,13
4084,13
4093,12
4103,12
4113,12
4122,11
4131,12
4141,10
4150,11
4159,10
4168,10
4177,10
4188,10
4197,10
4206,10
4215,9
4224,9
4232,10
4241,10
4251,9
4259,9
4268,9
4276,9
4284,9
4292,9
4300,9
4308,9
4318,10
4327,9
4335,10
4344,9
4353,9
4361,10
4370,10
4379,10
4389,10
4399,11
4408,10
4417,11
4426,11
4435,11
4446,11
4455,11
4464,12
4473,12
4483,12
4492,13
4501,12
4511,13
4520,13
4530,13
4539,14
4548,14
4557,14
4568,15
4577,15
4586,15
4595,16
4604,17
4614,16
4624,17
4633,17
4642,17
4652,18
4661,19
4670,18
4679,18
4689,19
4699,19
4708,20
4717,20
4726,14
4736,12
4745,9
4753,7
4761,7
4769,6
4777,7
4787,22
4796,22
4806,22
4815,22
4825,22
4834,23
4843,23
4852,23
4861,10
4871,9
4879,8
4887,8
4895,7
4903,7
4912,7
4920,7
4929,7
4937,7
4945,6
4954,7
4962,7
4970,7
4978,7
4986,7
4996,7
5004,6
5012,6
5020,6
5028,7
5037,7
5045,7
5053,7
5062,7
5070,7
5079,7
5087,8
5095,9
5103,10
5113,13
5123,23
5133,23
5142,23
5151,22
5160,22
5170,22
5179,22
5188,22
5197,22
5208,21
5216,7
5224,6
5232,7
5240,7
5249,8
5258,10
5267,12
5276,15
5285,14
5296,20
5305,20
5314,20
5323,19
5332,19
5342,20
5352,18
5361,19
5370,19
5380,18
5389,18
5398,18
5407,18
5417,18
5427,18
5436,17
5445,17
5454,18
5464,17
5473,16
5482,17
5492,17
5501,17
5511,17
5520,16
5529,16
5538,16
5548,16
5558,17
5567,17
5576,17
5585,17
5595,17
5604,17
5613,17
5623,17
5633,17
5642,17
5651,17
5660,17
5669,16
5679,16
5688,16
5698,16
5707,17
5716,17
5726,17
5735,17
5744,17
5753,16
5764,17
5773,17
5782,18
5791,17
5800,17
5810,17
5820,17
5829,18
5838,18
5848,17
5857,17
5866,18
5875,18
5885,18
5895,18
5904,18
5913,18
5922,19
5932,19
5941,18
5951,18
5960,19
5969,19
5979,19
5988,19
5997,20
6006,20
6017,19
6026,19
6035,19
6044,19
6053,19
6063,19
6072,19
6082,19
6091,19
6100,19
6110,19
6119,19
6128,19
6137,19
6148,19
6157,20
6166,20
6175,19
6184,19
6194,19
6203,18
6213,19
6222,19
6232,18
6241,18
6250,18
6259,18
6268,18
6278,18
6288,17
6297,18
6306,18
6316,17
6325,17
6334,17
6343,18
6353,17
6363,17
6372,17
6381,17
6390,16
6400,16
6409,17
6418,16
6428,16
6437,16
6447,16
6456,16
6465,15
6474,15
6483,16
6494,16
6503,15
6512,15
6521,15
6531,15
6540,15
6549,15
6558,15
6568,14
6578,14
6587,14
6596,14
6605,15
6615,14
6624,14
6634,14
6643,14
6652,14
6662,14
6671,14
6680,14
6689,14
6700,15
6709,15
6718,15
6727,15
6736,15
6746,14
6755,15
6765,16
6774,16
6784,15
6793,16
6802,16
6811,16
6821,17
6831,17
6840,16
6849,17
6858,16
6867,17
6877,17
6887,17
6896,18
6905,17
6915,18
6924,18
6933,19
6942,18
6952,19
6962,19
6971,20
6980,20
6989,20
6999,15
7008,13
7017,11
7026,9
7034,7
7043,7
7051,6
7060,7
7069,22
7078,22
7088,22
7097,22
7106,22
7115,23
7124,23
7135,22
7143,10
7152,10
7161,8
7170,7
7178,7
7186,7
7195,7
7203,6
7212,7
7221,24
7230,24
7239,24
7248,24
7259,24
7268,24
7277,24
7286,24
7296,24
7305,24
7314,24
7324,24
7333,24
7343,24
7352,24
7361,24
7370,24
7379,24
7389,24
7399,24
7407,7
7415,6
7424,7
7432,7
7440,7
7448,7
7457,8
7465,9
7474,10
7484,23
7493,23
7502,22
7512,22
7521,22
7530,21
7540,22
7548,7
7557,6
7565,7
7573,8
7582,10
7591,14
7601,21
7611,19
7620,19
7629,20
7639,19
7648,18
7657,18
7666,17
7675,18
7686,17
7695,16
7704,17
7713,17
7723,15
7732,16
7741,15
7750,15
7760,15
7770,14
7779,14
7788,14
7797,13
7806,14
7816,13
7825,13
7835,12
7844,13
7854,12
7863,12
7872,11
7881,12
7890,12
7900,11
7910,11
7919,12
7928,11
7938,11
7947,11
7956,11
7965,10
7974,10
7985,10
7994,10
8003,10
8012,11
8022,11
8031,11
8040,11
8050,10
8059,10
8069,10
8078,11
8087,11
8096,11
8107,11
8116,11
8125,12
8134,11
8143,11
8153,12
8162,12
8172,12
8181,12
8190,12
8200,13
8209,12
8218,14
8227,13
8238,14
8247,14
8256,14
8265,14
8274,14
8284,15
8294,15
8303,15
8312,16
8322,16
8331,16
8340,17
8350,17
8359,17
8369,18
8378,17
8387,19
8396,19
8406,19
8416,19
8425,20
8434,20
8443,14
8453,13
8462,10
8471,7
8479,6
8487,6
8497,22
8506,22
8515,22
8524,22
8535,22
8544,23
8553,23
8561,10
8570,8
8579,7
8588,7
8596,7
8604,6
8612,7
8622,24
8631,24
8640,24
8649,25
8659,24
8669,24
8678,24
8687,24
8696,25
8706,25
8715,25
8725,25
8734,25
8743,25
8753,25
8762,25
8771,25
8780,24
8791,24
8800,24
8809,24
8818,24
8827,25
8837,24
8846,24
8856,24
8864,7
8872,6
8881,6
8889,7
8897,7
8905,8
8914,9
8923,10
8933,22
8942,23
8951,22
8961,22
8970,22
8979,21
8988,22
8997,7
9006,6
9014,6
9022,7
9030,9
9039,11
9049,14
9058,21
9067,19
9077,20
9086,19
9096,19
9105,18
9114,18
9123,18
9133,18
9142,18
9152,17
9161,18
9170,17
9180,17
9189,17
9198,16
9207,17
9217,16
9227,16
9236,15
9245,15
9254,16
9264,15
9273,15
9282,15
9291,14
9302,15
9311,15
9320,14
9329,14
9338,14
9348,14
9358,15
9367,14
9376,13
9385,13
9395,13
9404,13
9413,13
9422,14
9433,14
9442,14
9451,14
9460,13
9469,13
9479,13
9488,13
9498,13
9507,14
9517,14
9526,14
9535,14
9544,14
9553,14
9564,14
9573,15
9582,15
9591,14
9601,14
9610,15
9620,16
9629,14
9638,15
9648,16
9657,15
9666,15
9675,16
9686,16
9695,16
9704,17
9713,16
9722,16
9732,17
9741,17
9751,17
9760,17
9769,18
9779,17
9788,17
9797,18
9806,18
9817,17
9826,18
9835,18
9844,18
9853,18
9863,19
9872,18
9882,18
9891,19
9901,20
9910,20
9919,19
9928,19
9938,19
9948,20
9957,20
9966,20
9975,20
9985,20
9994,20
10004,20
10014,21
10024,20
10035,20
10045,21
10055,20
10065,16
10077,20
10087,21
10097,21
10107,21
10118,20
10128,20
10139,20
10149,20
10160,20
10170,20
10180,20
10190,20
10201,20
10212,20
10222,20
10232,20
10243,20
10253,19
10263,19
10274,19
10285,19
10295,19
10305,19
10315,19
10326,19
10336,18
10347,19
10357,19
10368,19
10378,19
10388,18
10398,18
10409,18
10420,18
10430,18
10440,18
10450,18
10461,18
10471,18
10482,18
10492,18
10503,18
10513,18
10523,18
10533,17
10545,18
10555,18
10565,18
10575,18
10586,18
10596,18
10606,18
10617,18
10628,18
10638,18
10648,18
10658,18
10669,18
10680,18
10690,18
10700,18
10711,18
10721,19
10731,19
10742,19
10753,19
10763,19
10773,20
10783,20
10793,19
10805,19
10815,19
10825,19
10835,20
10846,20
10856,20
10867,20
10877,20
10888,20
10898,21
10908,14
10918,15
10929,14
10939,13
10949,13
10959,12
10971,11
10981,10
10991,10
11001,10
11012,9
11021,8
11030,9
11039,9
11049,9
11059,9
11068,8
11077,8
11086,7
11096,8
11105,9
11115,9
11124,8
11133,9
11143,9
11152,9
11161,10
11171,9
11182,10
11192,10
11202,13
11212,14
11224,14
11234,14
11244,21
11254,20
11265,20
11276,20
11286,20
11296,20
11307,19
11317,19
11327,19
11337,19
11348,19
11359,18
11369,18
11379,18
11389,18
11400,18
11411,18
11421,17
11431,18
11442,17
11452,17
11462,17
11472,16
11484,17
11494,16
11504,16
11514,16
11525,16
11535,16
11545,16
11556,15
11567,15
11577,15
11587,15
11597,14
11608,15
11618,15
11629,14
11639,14
11650,15
11660,14
11670,14
11680,14
11692,14
11702,14
11712,14
11722,14
11732,14
11743,14
11753,14
11764,14
11774,14
11785,14
11795,14
11805,14
11815,14
11827,13
11837,14
11847,14
11857,14
11868,14
11878,14
11889,14
11899,15
11910,15
11920,14
11930,15
11940,15
11952,15
11962,16
11972,15
11982,16
11993,16
12003,16
12014,16
12024,17
12035,17
12045,17
12055,18
12065,17
12077,18
12087,18
12097,18
12107,19
12118,19
12128,19
12139,19
12149,20
12160,20
12170,20
12180,14
12190,12
12200,10
12211,7
12220,7
12229,6
12238,6
12249,22
12260,22
12270,21
12280,22
12291,22
12301,22
12311,23
12322,23
12333,22
12342,12
12352,10
12362,8
12371,8
12382,7
12391,7
12400,7
12409,7
12419,7
12428,7
12437,7
12446,7
12456,6
12466,6
12475,6
12484,7
12493,7
12503,7
12512,7
12522,7
12531,7
12540,7
12550,7
12559,8
12568,9
12578,10
12589,9
12598,10
12609,23
12619,23
12630,23
12640,22
12650,22
12661,22
12672,21
12682,22
12691,7
12700,7
12709,6
12720,7
12729,9
12738,10
12748,13
12760,16
12770,20
12780,20
12790,19
12802,19
12812,18
12822,19
12832,18
12843,18
12853,18
12863,17
12873,17
12884,17
12895,17
12905,16
12915,17
12925,16
12936,16
12947,16
12957,16
12967,15
12978,15
12988,15
12998,14
13008,15
13019,14
13030,14
13040,14
13050,14
13061,13
13071,14
13081,14
13092,13
13103,13
13113,13
13123,13
13133,13
13144,13
13154,13
13165,13
13175,13
13186,13
13196,13
13206,13
13216,13
13228,13
13238,13
13248,13
13258,13
13268,13
13279,13
13290,14
13300,14
13310,13
13321,14
13331,14
13341,14
13351,14
13363,14
13373,15
13383,14
13393,15
13404,15
13415,15
13425,16
13435,15
13446,16
13456,16
13466,17
13477,17
13488,17
13498,17
13508,17
13518,18
13529,17
13540,18
13550,18
13560,18
13571,18
13581,19
13591,19
13602,19
13613,19
13623,19
13633,20
13643,20
13654,20
13664,16
13674,14
13684,13
13696,12
13706,10
13716,8
13725,7
13734,7
13744,7
13753,7
13762,6
13771,6
13780,6
13791,7
13800,7
13810,22
13820,22
13831,22
13841,22
13851,22
13862,22
13873,21
13883,22
13893,21
13903,21
13914,21
13925,21
13935,21
13945,22
13956,22
13966,22
13976,22
13986,22
13998,21
14007,7
14016,7
14025,6
14034,6
14044,6
14054,6
14063,6
14072,7
14082,8
14091,9
14100,9
14110,10
14120,10
14131,13
14141,14
14152,14
14162,21
14173,20
14183,20
14193,20
14204,20
14215,20
14225,19
14235,19
14245,20
14256,19
14266,18
14277,19
14287,19
14298,18
14308,18
14318,18
14328,18
14340,18
14350,18
14360,18
14370,18
14381,18
14391,17
14401,17
14412,17
14423,17
14433,18
14443,17
14453,17
14464,17
14475,17
14485,17
14495,17
14505,17
14516,17
14526,17
14536,17
14547,17
14558,17
14568,17
14578,17
14588,17
14599,17
14610,17
14620,17
14630,17
14641,17
14651,17
14661,17
14672,17
14683,17
14693,18
14703,18
14713,17
14724,17
14734,17
14745,17
14755,17
14766,17
14776,18
14786,18
14796,18
14808,18
14818,18
14828,18
14838,18
14849,18
14859,18
14870,18
14880,18
14891,18
14901,18
14911,18
14921,18
14931,18
14943,18
14953,18
14963,18
14973,18
14984,18
14994,18
15005,18
