1,17
3,17
5,17
7,17
13,17
20,17
27,17
35,17
43,17
50,17
57,17
64,17
71,17
78,17
86,17
93,17
101,17
109,17
117,17
125,17
134,18
142,18
150,18
158,18
167,18
176,18
184,18
192,18
200,18
208,18
217,18
226,19
234,19
242,19
250,19
259,20
267,20
275,20
284,20
292,20
301,21
309,20
317,17
325,17
333,16
342,16
350,17
359,19
367,19
375,19
384,18
392,21
400,22
408,22
417,22
425,22
434,22
442,22
450,22
458,22
466,22
475,22
484,22
492,22
500,22
508,23
517,23
525,23
533,23
542,23
550,23
559,23
567,23
575,23
583,23
591,23
600,23
609,22
617,22
625,22
633,22
642,22
650,22
658,22
666,22
674,22
684,22
692,21
700,21
708,19
716,19
724,19
733,17
741,16
749,17
757,18
766,21
775,20
783,20
791,20
799,19
807,19
816,19
825,18
833,18
841,18
849,18
858,17
866,17
874,17
882,17
890,17
900,16
908,16
916,16
924,15
932,15
941,15
949,15
957,14
965,14
974,14
983,14
991,14
999,13
1007,13
1016,12
1026,13
1035,12
1044,12
1054,12
1063,12
1073,11
1082,11
1091,11
1100,11
1110,11
1120,11
1129,10
1138,10
1147,11
1157,11
1166,11
1175,10
1184,10
1195,10
1204,10
1213,10
1222,10
1231,10
1241,10
1250,10
1260,10
1269,11
1278,10
1288,10
1297,11
1306,11
1315,11
1326,11
1335,11
1344,12
1353,12
1362,12
1372,12
1382,13
1391,13
1400,13
1410,13
1419,14
1428,14
1438,14
1447,14
1457,15
1466,15
1475,16
1484,16
1494,16
1504,17
1513,17
1522,18
1531,18
1541,18
1550,19
1560,19
1569,20
1579,21
1588,17
1597,18
1606,19
1616,22
1626,21
1635,22
1644,23
1653,22
1662,23
1673,22
1682,24
1691,24
1700,23
1710,24
1719,25
1729,25
1738,25
1747,25
1757,25
1766,26
1775,25
1784,26
1795,26
1804,27
1813,27
1822,27
1831,27
1841,27
1850,27
1860,27
1869,28
1879,27
1888,27
1897,27
1906,27
1915,27
1926,27
1935,27
1944,28
1953,27
1963,27
1972,27
1981,27
1991,27
2000,26
2010,27
2019,26
2028,26
2037,26
2046,26
2056,25
2066,26
2075,24
2084,25
2094,25
2103,24
2112,24
2121,24
2130,23
2141,23
2150,23
2159,23
2168,23
2178,22
2187,22
2196,22
2205,19
2214,16
2224,17
2234,20
2243,20
2252,19
2262,18
2271,18
2280,18
2289,17
2299,17
2309,16
2318,16
2327,15
2336,15
2345,15
2355,14
2364,14
2374,14
2383,13
2393,12
2402,12
2411,12
2420,12
2429,11
2439,11
2449,11
2458,10
2467,11
2477,10
2486,10
2495,10
2504,10
2513,9
2523,9
2531,9
2539,9
2547,9
2555,9
2564,9
2572,9
2580,8
2588,8
2597,8
2606,8
2614,8
2622,8
2630,8
2638,8
2647,8
2655,8
2664,9
2672,9
2680,9
2689,9
2697,9
2705,10
2714,9
2723,9
2732,10
2741,9
2749,10
2758,10
2767,10
2777,10
2787,11
2796,11
2805,11
2814,12
2824,12
2833,12
2843,13
2852,12
2862,13
2871,14
2880,14
2889,14
2898,15
2909,15
2918,15
2927,16
2936,16
2946,16
2955,17
2965,17
2974,18
2983,18
2993,18
3002,19
3011,19
3021,20
3031,20
3040,17
3049,16
3058,19
3067,20
3078,22
3087,22
3096,22
3105,22
3115,23
3124,22
3133,23
3143,23
3152,23
3162,23
3171,24
3180,23
3189,24
3200,24
3209,24
3218,24
3227,24
3236,24
3246,25
3255,25
3265,24
3274,25
3283,25
3293,25
3302,25
3311,25
3320,25
3331,25
3340,25
3349,25
3358,25
3367,25
3377,25
3386,25
3396,25
3405,24
3415,24
3424,24
3433,24
3442,23
3451,24
3461,24
3471,23
3480,24
3489,23
3499,23
3508,23
3517,23
3526,23
3536,22
3546,23
3555,22
3564,22
3573,22
3582,22
3592,22
3601,19
3610,19
3619,17
3630,16
3639,17
3648,20
3657,20
3666,20
3676,20
3686,20
3695,19
3704,19
3714,18
3723,18
3732,18
3741,18
3750,17
3761,17
3770,17
3779,17
3788,17
3798,16
3807,16
3816,16
3825,16
3835,16
3845,16
3854,15
3863,15
3872,15
3881,16
3891,15
3901,15
3910,15
3919,15
3929,15
3938,15
3947,15
3956,15
3966,15
3976,15
3985,15
3994,15
4003,15
4013,15
4022,15
4032,15
4041,15
4050,15
4060,15
4069,15
4078,15
4087,15
4098,15
4107,15
4116,15
4125,16
4134,16
4144,16
4153,16
4163,16
4172,16
4182,16
4191,16
4200,16
4209,17
4218,17
4229,17
4238,17
4247,17
4256,17
4265,17
4275,17
4284,18
4294,18
4303,18
4313,18
4322,18
4331,18
4340,18
4349,18
4360,18
4369,18
4378,19
4387,18
4397,19
4406,19
4415,19
4425,19
4434,19
4444,19
4453,19
4462,19
4471,19
4482,19
4491,19
4500,20
4509,19
4518,19
4528,19
4537,19
4547,19
4556,19
4566,19
4575,19
4584,19
4593,19
4602,19
4612,18
4622,18
4631,19
4640,18
4649,18
4659,18
4668,18
4677,18
4687,18
4697,18
4706,18
4715,18
4724,18
4733,17
4743,17
4752,17
4762,17
4771,17
4781,17
4790,17
4799,17
4808,16
4817,16
4828,16
4837,16
4846,16
4855,16
4865,16
4874,16
4883,16
4893,16
4902,16
4912,16
4921,16
4930,15
4939,15
4948,15
4958,16
4968,15
4977,15
4986,15
4996,15
5005,15
5014,15
5023,16
5033,16
5043,16
5052,16
5061,16
5070,16
5080,16
5089,16
5099,16
5108,16
5117,17
5127,16
5136,17
5145,17
5154,17
5165,17
5174,17
5183,17
5192,18
5201,18
5211,18
5221,18
5230,18
5239,18
5249,19
5258,19
5267,19
5276,19
5286,20
5296,20
5305,20
5314,21
5323,18
5332,17
5342,16
5351,17
5361,20
5370,19
5380,21
5389,22
5398,22
5408,22
5417,22
5427,22
5436,22
5445,23
5454,23
5464,23
5474,22
5483,23
5492,23
5501,23
5511,23
5520,23
5530,23
5539,24
5549,23
5558,23
5567,23
5576,23
5585,23
5595,23
5605,23
5614,24
5623,24
5633,24
5642,24
5651,23
5660,23
5670,23
5680,23
5689,23
5698,24
5707,24
5716,24
5726,23
5736,23
5745,23
5754,23
5764,23
5773,23
5782,22
5791,23
5801,23
5811,22
5820,22
5829,22
5838,22
5848,22
5857,18
5866,20
5875,18
5884,16
5895,18
5904,21
5913,20
5922,20
5932,19
5941,19
5951,18
5960,18
5969,17
5979,18
5988,17
5997,17
6006,17
6016,16
6026,16
6035,16
6044,15
6053,15
6063,15
6072,14
6081,15
6090,14
6100,14
6110,13
6119,13
6128,13
6137,12
6147,13
6156,12
6165,13
6175,12
6184,12
6194,12
6203,11
6212,12
6221,11
6231,11
6240,11
6250,11
6259,10
6268,10
6278,11
6287,11
6296,11
6305,11
6316,10
6325,10
6334,10
6343,10
6352,10
6362,11
6371,11
6381,11
6390,10
6400,10
6409,11
6418,11
6427,11
6436,11
6447,12
6456,12
6465,12
6474,12
6483,12
6493,12
6503,13
6512,13
6521,12
6531,13
6540,13
6549,13
6558,14
6568,14
6578,14
6587,15
6596,15
6605,15
6615,16
6625,16
6634,16
6643,17
6652,17
6662,17
6671,18
6681,19
6690,19
6700,19
6709,19
6718,20
6727,21
6736,17
6746,17
6756,19
6765,19
6774,22
6784,22
6793,22
6803,22
6812,23
6821,22
6831,23
6840,23
6849,22
6859,24
6868,23
6878,24
6887,24
6896,24
6905,25
6915,24
6925,25
6934,24
6943,25
6952,25
6962,25
6971,25
6980,25
6990,25
7000,26
7009,26
7018,26
7027,25
7036,25
7046,26
7056,26
7065,26
7074,26
7084,26
7093,25
7102,25
7111,25
7121,25
7131,25
7140,25
7149,24
7158,25
7168,24
7177,25
7186,24
7196,24
7205,24
7215,23
7224,24
7233,23
7242,23
7251,23
7261,23
7271,22
7280,22
7289,22
7299,22
7308,22
7317,22
7326,19
7335,19
7345,16
7355,16
7364,20
7373,20
7383,20
7392,19
7401,19
7410,18
7420,18
7430,18
7439,18
7448,17
7457,17
7467,17
7476,16
7485,16
7495,16
7504,15
7514,16
7523,15
7532,15
7541,15
7550,14
7560,14
7570,14
7579,14
7588,14
7598,13
7607,13
7616,13
7625,13
7635,13
7645,12
7654,13
7663,13
7672,12
7682,12
7691,12
7700,12
7710,13
7719,12
7729,12
7738,12
7747,12
7756,12
7766,12
7776,13
7785,12
7794,12
7803,12
7813,12
7822,12
7831,13
7841,13
7851,13
7860,12
7869,13
7878,13
7887,13
7897,13
7907,13
7916,14
7925,13
7934,14
7944,14
7953,14
7963,14
7972,14
7982,15
7991,15
8000,15
8009,16
8018,15
8029,16
8038,16
8047,16
8056,17
8066,16
8075,17
8085,17
8094,17
8103,17
8113,18
8122,17
8131,18
8140,18
8151,18
8160,19
8169,19
8178,20
8187,19
8197,20
8207,20
8216,20
8225,20
8235,21
8244,17
8253,17
8262,17
8271,16
8281,16
8291,17
8300,18
8309,20
8318,19
8328,19
8337,19
8347,19
8356,19
8366,21
8375,21
8384,21
8393,22
8403,22
8413,21
8422,22
8431,22
8440,22
8450,22
8459,22
8469,22
8478,22
8487,21
8497,18
8506,19
8515,19
8524,19
8534,19
8544,19
8553,19
8562,19
8571,19
8581,18
8590,17
8599,16
8608,16
8619,17
8628,17
8637,18
8646,17
8655,20
8665,21
8675,20
8684,20
8693,20
8702,20
8712,20
8721,20
8730,20
8740,20
8750,20
8759,19
8768,19
8777,19
8786,19
8796,19
8805,19
8815,19
8824,19
8834,18
8843,18
8852,18
8861,18
8870,18
8881,18
8890,18
8899,18
8908,18
8918,18
8927,18
8936,18
8946,18
8955,18
8965,18
8974,18
8983,18
8992,18
9001,18
9012,18
9021,18
9030,18
9039,18
9049,18
9058,18
9067,18
9077,18
9086,18
9096,18
9105,18
9114,18
9123,18
9133,19
9143,19
9152,19
9161,19
9170,19
9180,19
9189,19
9198,19
9208,19
9218,19
9227,19
9236,19
9245,20
9254,20
9264,20
9274,20
9283,20
9292,20
9302,20
9311,20
9320,20
9329,20
9339,20
9349,20
9358,20
9367,20
9376,20
9385,20
9395,20
9405,20
9414,20
9423,20
9433,20
9442,20
9451,20
9460,20
9470,20
9480,20
9489,20
9498,20
9507,20
9517,20
9526,20
9535,19
9545,19
9554,20
9564,19
9573,19
9582,19
9591,19
9601,19
9611,18
9620,18
9629,18
9638,19
9648,18
9657,18
9666,18
9675,18
9686,18
9695,17
9704,17
9713,17
9722,17
9732,17
9741,17
9751,17
9760,16
9769,16
9779,16
9788,16
9797,16
9806,16
9816,16
9826,15
9835,15
9844,15
9853,16
9863,15
9872,15
9881,15
9891,15
9901,15
9910,15
9919,14
9928,14
9937,14
9947,14
9956,14
9966,14
9975,14
9985,14
9994,14
10003,14
